#BLTrackFile2 CALOENTR
#x y z Px Py Pz t PDGid EventID TrackID ParentID Weight Bx By Bz Ex Ey Ez ProperTime PathLength PolX PolY PolZ InitX InitY InitZ InitT InitKE
-32.2626 43.8385 17198.5 1.94478 -0.86792 68.9498 129.296 211 109 1 1 1 0 0 0 0 0 0 114.681 16992.7 0 0 0 30.7105 8.23386 149.95 1.37135 16.1168 
7.51321 -16.4517 17198.5 1.80411 1.9829 58.4705 150.241 211 1723 1 1 1 0 0 0 0 0 0 136.839 17204 0 0 0 -18.108 -1.83361 149.95 1.85562 11.7765 
-29.8629 18.2456 17198.5 0.970365 -1.45176 67.4972 131.702 211 4559 1 1005 1 0 0 0 0 0 0 117.095 16982.3 0 0 0 14.9779 -8.9572 149.95 1.62462 15.4742 
-32.2626 43.8385 17198.5 1.94478 -0.86792 68.9498 129.296 211 109 1 1 1 0 0 0 0 0 0 114.681 16992.7 0 0 0 30.7105 8.23386 149.95 1.37135 16.1168 
7.51321 -16.4517 17198.5 1.80411 1.9829 58.4705 150.241 211 1723 1 1 1 0 0 0 0 0 0 136.839 17204 0 0 0 -18.108 -1.83361 149.95 1.85562 11.7765 
-29.8629 18.2456 17198.5 0.970365 -1.45176 67.4972 131.702 211 4559 1 1005 1 0 0 0 0 0 0 117.095 16982.3 0 0 0 14.9779 -8.9572 149.95 1.62462 15.4742 
-32.2626 43.8385 17198.5 1.94478 -0.86792 68.9498 129.296 211 109 1 1 1 0 0 0 0 0 0 114.681 16992.7 0 0 0 30.7105 8.23386 149.95 1.37135 16.1168 
7.51321 -16.4517 17198.5 1.80411 1.9829 58.4705 150.241 211 1723 1 1 1 0 0 0 0 0 0 136.839 17204 0 0 0 -18.108 -1.83361 149.95 1.85562 11.7765 
-29.8629 18.2456 17198.5 0.970365 -1.45176 67.4972 131.702 211 4559 1 1005 1 0 0 0 0 0 0 117.095 16982.3 0 0 0 14.9779 -8.9572 149.95 1.62462 15.4742 
-7.91216 -3.36238 17198.5 2.3122 0.492197 63.0738 139.276 211 8934 1 1 1 0 0 0 0 0 0 125.605 17029 0 0 0 20.4464 1.07379 149.95 1.42415 13.6086 
-0.959174 2.27236 17198.5 -1.21827 -0.175602 63.9281 137.471 211 9498 1 1 1 0 0 0 0 0 0 123.645 16981.5 0 0 0 -6.8496 0.485174 149.95 1.4684 13.949 
12.321 -94.1213 17198.5 -0.235151 3.38518 69.2403 129.072 211 11351 1 1 1 0 0 0 0 0 0 114.142 16996.3 0 0 0 31.5055 -2.91427 149.95 1.62533 16.2681 
9.38005 -1.67101 17198.5 -1.19752 0.152973 64.0006 137.479 211 12807 1 1 1 0 0 0 0 0 0 123.466 16976.1 0 0 0 4.39968 0.814204 149.95 1.64679 13.9791 
54.2374 20.0646 17198.5 -1.95429 -0.442896 66.9908 132.719 211 13645 1 1 1 0 0 0 0 0 0 118.007 16988.1 0 0 0 31.588 -0.181764 149.95 1.81211 15.2575 
-14.3082 -34.1936 17198.5 -2.24208 5.42749 61.8863 141.571 211 17013 1 1 1 0 0 0 0 0 0 127.638 17043.2 0 0 0 22.4389 -7.992 149.95 1.84466 13.218 
32.5244 -1.7677 17198.5 -2.03405 0.0335841 66.4095 133.411 211 18468 1 1 1 0 0 0 0 0 0 119.085 16995 0 0 0 -4.89902 -1.05627 149.95 1.52086 15.0073 
4.46243 -4.05754 17198.5 -1.11402 0.332996 62.9301 139.572 211 20736 1 1 1 0 0 0 0 0 0 125.658 16988.3 0 0 0 2.96623 -0.575223 149.95 1.72773 13.5356 
-0.802945 0.0861411 17198.5 -1.89839 0.0135005 63.6411 137.938 211 21129 1 1 1 0 0 0 0 0 0 124.272 16995.5 0 0 0 -15.8022 -0.4731 149.95 1.34575 13.8366 
-6.44493 40.0248 17198.5 -0.0558432 -2.30967 65.201 135.333 211 22257 1 1 1 0 0 0 0 0 0 121.13 16974.8 0 0 0 10.05 -0.973696 149.95 1.62301 14.4958 
20.1686 -0.237624 17198.5 -1.5331 0.0648831 64.6946 136.365 211 23209 1 1 1 0 0 0 0 0 0 122.124 16975.4 0 0 0 7.83502 1.66091 149.95 1.75277 14.2725 
4.98891 -14.0469 17198.5 -3.88392 -1.73841 59.9964 145.948 211 26080 1 1 1 0 0 0 0 0 0 132.161 17074.5 0 0 0 12.6389 2.90581 149.95 2.03764 12.4085 
17.351 -2.23749 17198.5 -0.23884 0.131055 68.3531 130.398 211 26284 1 1 1 0 0 0 0 0 0 115.871 17012.3 0 0 0 -4.86237 -0.796498 149.95 1.37778 15.8391 
-9.31538 12.8943 17198.5 -0.102109 1.00483 70.4859 127.003 211 27108 1 1 1 0 0 0 0 0 0 112.205 16989.7 0 0 0 -1.45743 5.46832 149.95 1.2984 16.792 
-7.90228 -69.9153 17198.5 -2.14797 4.46716 67.8969 131.092 211 28708 1 1 1 0 0 0 0 0 0 116.437 17026.5 0 0 0 -2.33694 -7.78846 149.95 1.54152 15.7179 
7.56562 -35.7273 17198.5 -1.10686 2.02118 66.3436 133.465 211 36033 1 1 1 0 0 0 0 0 0 119.109 16983.7 0 0 0 0.798598 1.55827 149.95 1.57063 14.9828 
1.13148 -2.65714 17198.5 0.397311 -1.01011 60.5314 144.846 211 36343 1 1 1 0 0 0 0 0 0 131.31 17075.7 0 0 0 1.09919 1.25256 149.95 1.71435 12.5649 
-1.2869 19.052 17198.5 -0.733694 -1.10785 64.6339 136.3 211 37008 1 1 1 0 0 0 0 0 0 122.234 16973.5 0 0 0 1.93522 -0.603701 149.95 1.5898 14.2451 
46.7118 18.1131 17198.5 -1.59392 -0.783769 67.892 131.432 211 38165 1 1 1 0 0 0 0 0 0 116.692 17023 0 0 0 3.29492 5.6146 149.95 1.65767 15.6468 
-9.51752 44.1287 17198.5 2.19806 -4.14518 66.6903 132.627 211 39599 1 1 1 0 0 0 0 0 0 118.299 16988 0 0 0 3.57406 -5.51393 149.95 1.4565 15.1859 
16.7398 16.846 17198.5 -1.59994 -0.787574 66.1654 133.646 211 40194 1 1 1 0 0 0 0 0 0 119.476 16986.2 0 0 0 -8.1786 2.5049 149.95 1.4156 14.8995 
17.789 -37.1937 17198.5 -2.64551 2.98835 68.2873 130.62 211 40274 1 1 1 0 0 0 0 0 0 115.922 17032.3 0 0 0 -7.13941 -4.13473 149.95 1.52423 15.8612 
16.6335 34.5541 17198.5 0.261456 -0.466388 69.0464 129.597 211 1001 1 1 1 0 0 0 0 0 0 114.768 17021.7 0 0 0 9.20735 0.24105 149.95 1.55234 16.146 
20.7549 -10.5984 17198.5 0.0402817 0.595265 62.5201 140.49 211 1245 1 1 1 0 0 0 0 0 0 126.784 17026.8 0 0 0 21.2185 -4.08124 149.95 1.5661 13.3643 
21.1566 27.4745 17198.5 1.31063 -1.46931 64.166 137.595 211 2216 1 1 1 0 0 0 0 0 0 123.723 17060.3 0 0 0 33.3294 5.41489 149.95 1.41218 14.056 
8.25873 -24.0906 17198.5 -0.015263 3.11388 61.3572 142.799 211 3432 1 1 1 0 0 0 0 0 0 129.248 17055.9 0 0 0 9.67942 -2.91774 149.95 1.58389 12.9232 
-42.8838 10.6619 17198.5 2.27443 -1.63597 68.4653 130.069 211 10636 1 1 1 0 0 0 0 0 0 115.37 16980.6 0 0 0 22.1116 0.152177 149.95 1.54552 15.9135 
-39.0941 -4.80372 17198.5 1.3547 0.336925 64.7889 135.814 211 12887 1 1 1 0 0 0 0 0 0 121.947 16974.6 0 0 0 -0.824397 -1.72457 149.95 1.36339 14.3109 
12.0034 -28.8173 17198.5 0.9244 0.146621 65.4718 135.077 211 17105 1 1 1 0 0 0 0 0 0 121.003 17018.6 0 0 0 35.346 -5.46277 149.95 1.4194 14.5962 
-6.07738 -19.3004 17198.5 0.166757 1.15861 63.8492 137.785 211 18965 1 1 1 0 0 0 0 0 0 123.774 16978 0 0 0 13.4554 -1.83302 149.95 1.67081 13.9157 
3.76081 -99.4492 17198.5 -0.962965 2.86685 70.4849 127.625 211 24028 1 1 1 0 0 0 0 0 0 112.773 17089.5 0 0 0 -9.66915 5.64745 149.95 1.26356 16.8175 
-7.41456 -12.0716 17198.5 0.229714 -0.251646 69.0042 129.389 211 29771 1 1 1 0 0 0 0 0 0 114.743 17007.3 0 0 0 -1.22446 -3.81795 149.95 1.38745 16.1268 
-4.68777 -17.72 17198.5 2.14559 2.214 63.4839 138.475 211 30282 1 1 1 0 0 0 0 0 0 124.652 17017.7 0 0 0 20.336 5.28483 149.95 1.50703 13.7907 
-22.1985 -41.2864 17198.5 1.24715 0.768821 70.1518 127.952 211 31350 1 1 1 0 0 0 0 0 0 113.094 17045.2 0 0 0 1.35118 -1.88243 149.95 1.36983 16.6453 
-22.653 27.3611 17198.5 2.31506 -3.32215 66.1545 133.575 211 32739 1 1 1 0 0 0 0 0 0 119.329 16988.1 0 0 0 0.237129 -4.93544 149.95 1.4747 14.9376 
38.9764 11.1517 17198.5 -2.36459 -0.868685 67.3495 131.816 211 34489 1 1 1 0 0 0 0 0 0 117.558 17018.4 0 0 0 -14.7654 0.721421 149.95 1.26999 15.4206 
-4.95414 -41.903 17198.5 1.52133 1.60115 66.4018 133.593 211 34663 1 1 1 0 0 0 0 0 0 119.193 17009.7 0 0 0 32.3755 -8.61133 149.95 1.58537 15.0064 
22.2284 95.6683 17198.5 -0.398326 -2.35425 69.7169 128.877 211 38311 1 1008 1 0 0 0 0 0 0 113.754 17044.6 0 0 0 12.3438 13.7509 149.95 1.70591 16.4618 
21.3121 -29.1456 17198.5 0.8886 2.11741 63.3636 138.961 211 38384 1 1 1 0 0 0 0 0 0 125.243 17057.1 0 0 0 25.4492 -4.26812 149.95 1.40026 13.7271 
-10.2648 20.8211 17198.5 -0.29847 -0.705978 65.2968 135.367 211 38797 1 1 1 0 0 0 0 0 0 121.032 16976.5 0 0 0 5.8517 7.16386 149.95 1.74309 14.521 
-53.6322 -8.96842 17198.5 2.29019 -0.894776 69.0281 129.233 211 39212 1 1 1 0 0 0 0 0 0 114.431 16977.6 0 0 0 29.0063 -0.818087 149.95 1.55471 16.1564 
-18.1411 -20.2466 17198.5 0.227395 1.04084 68.6821 129.689 211 45238 1 1 1 0 0 0 0 0 0 115.184 16994.8 0 0 0 -3.26762 3.18992 149.95 1.31104 15.9875 
-0.784931 21.7839 17198.5 1.41899 -1.89758 62.2802 140.855 211 48321 1 1 1 0 0 0 0 0 0 127.235 17033.3 0 0 0 12.4253 2.22052 149.95 1.51021 13.2836 
-20.5131 4.18265 17198.5 2.09388 -1.12492 65.2433 135.424 211 50158 1 1 1 0 0 0 0 0 0 121.259 17004.6 0 0 0 26.3485 -8.60023 149.95 1.55462 14.5148 
39.6058 38.5234 17198.5 -2.72731 -2.39811 65.258 135.388 211 51286 1 1 1 0 0 0 0 0 0 121.275 17025.6 0 0 0 43.3255 2.74283 149.95 1.47468 14.5455 
-35.5415 -8.65671 17198.5 1.95964 1.34668 66.6514 133.053 211 52750 1 1 1 0 0 0 0 0 0 118.58 16987.4 0 0 0 19.2768 10.7102 149.95 1.62961 15.1163 
5.29572 0.452909 17198.5 -1.26383 -0.0728727 65.2456 135.094 211 54319 1 1 1 0 0 0 0 0 0 121.108 16976 0 0 0 -8.64401 -0.379065 149.95 1.40148 14.5026 
8.24733 32.6992 17198.5 2.56145 -2.86521 64.0161 137.615 211 55100 1 1 1 0 0 0 0 0 0 123.722 17043 0 0 0 25.1412 8.39335 149.95 1.457 14.0289 
-9.62302 11.7794 17198.5 -2.98502 -0.966663 62.6129 140.207 211 56215 1 1 1 0 0 0 0 0 0 126.514 17036.3 0 0 0 -24.3013 -1.00261 149.95 1.51675 13.4333 
10.7247 31.749 17198.5 -1.69063 -2.70684 65.7446 134.622 211 59044 1 1 1 0 0 0 0 0 0 120.104 16980.7 0 0 0 14.9666 -6.46756 149.95 1.83195 14.7424 
-14.7201 43.8576 17198.5 0.475041 -1.29903 69.8697 128.319 211 59375 1 1 1 0 0 0 0 0 0 113.462 17031.5 0 0 0 -2.88386 8.03686 149.95 1.42896 16.518 
25.6809 -18.0068 17198.5 -0.314716 1.47293 62.3187 140.924 211 60100 1 1 1 0 0 0 0 0 0 127.274 17041.8 0 0 0 20.9999 -3.12456 149.95 1.5324 13.2883 
20.257 -32.8575 17198.5 -1.01214 1.12847 67.8418 131.214 211 60122 1 1 1 0 0 0 0 0 0 116.706 17010.8 0 0 0 -7.49988 -2.8855 149.95 1.44516 15.6221 
-17.9524 -10.0718 17198.5 -0.172693 0.369657 65.9537 133.89 211 62401 1 1 1 0 0 0 0 0 0 119.789 16970.4 0 0 0 -3.82826 -2.77662 149.95 1.39913 14.7991 
-20.2848 6.16759 17198.5 2.8013 -1.00914 65.3459 135.159 211 64371 1 1 1 0 0 0 0 0 0 120.967 16996.7 0 0 0 36.2612 -0.842594 149.95 1.56482 14.5687 
-49.8973 -8.4915 17198.5 1.98477 0.929147 66.0091 133.64 211 64548 1 1 1 0 0 0 0 0 0 119.649 16973.9 0 0 0 -3.7211 1.90914 149.95 1.27094 14.8378 
-27.4436 -15.6022 17198.5 0.672323 0.724354 64.3187 136.941 211 64651 1 1 1 0 0 0 0 0 0 122.904 16981.8 0 0 0 3.87093 -5.4894 149.95 1.61134 14.1104 
-20.7264 29.6141 17198.5 0.299589 -1.65368 64.2075 137.079 211 65203 1 1 1 0 0 0 0 0 0 123.102 16983.5 0 0 0 1.82328 4.91723 149.95 1.5673 14.0699 
-9.6944 -2.73259 17198.5 -0.905417 0.19792 62.6209 140.097 211 66307 1 1 1 0 0 0 0 0 0 126.391 17002.4 0 0 0 -8.29478 0.454757 149.95 1.56488 13.4072 
-32.4225 -16.1415 17198.5 0.301458 -0.0985699 62.9843 139.64 211 80800 1 1 1 0 0 0 0 0 0 125.804 17020 0 0 0 -10.3825 4.11639 149.95 1.61936 13.5538 
12.6687 -7.42331 17198.5 -1.03104 1.94894 60.6012 144.593 211 81069 1 1 1 0 0 0 0 0 0 131.039 17068.6 0 0 0 5.80917 -1.80356 149.95 1.71921 12.6047 
-18.9402 -21.5595 17198.5 1.54002 1.40288 66.0989 133.925 211 82108 1 1 1 0 0 0 0 0 0 119.504 16975.4 0 0 0 27.6176 -0.55908 149.95 1.68492 14.8748 
4.83053 37.5891 17198.5 -2.24272 -4.10529 64.3752 136.974 211 83213 1 1 1 0 0 0 0 0 0 122.78 17022.2 0 0 0 30.5036 9.44822 149.95 1.70109 14.202 
-14.9699 -7.7269 17198.5 -0.184951 0.29722 65.7019 134.321 211 85068 1 1 1 0 0 0 0 0 0 120.242 16969.4 0 0 0 -1.01098 -2.14721 149.95 1.42215 14.6916 
17.743 5.61337 17198.5 -0.297328 -0.413937 63.3499 138.837 211 86742 1 1 1 0 0 0 0 0 0 124.843 16988.4 0 0 0 23.8091 -0.841527 149.95 1.73421 13.7051 
-21.3326 -24.9856 17198.5 0.599568 1.67921 64.7659 136.064 211 86799 1 1 1 0 0 0 0 0 0 121.987 16976.7 0 0 0 6.87613 5.67931 149.95 1.57381 14.3052 
15.0205 25.0774 17198.5 0.234783 -0.296429 69.8438 128.317 211 90131 1 1 1 0 0 0 0 0 0 113.66 17051.8 0 0 0 -10.028 1.48189 149.95 1.21891 16.5007 
45.9982 22.5832 17198.5 -0.664538 -0.523985 68.9588 129.824 211 91198 1 1 1 0 0 0 0 0 0 115.039 17041.1 0 0 0 0.549568 3.49815 149.95 1.50766 16.1086 
-5.1989 -12.7844 17198.5 -0.115359 0.916733 62.4287 140.512 211 91653 1 1 1 0 0 0 0 0 0 126.767 17000.6 0 0 0 5.1823 -1.31805 149.95 1.63969 13.3286 
-0.103 20.5088 17198.5 -0.294261 -0.805521 66.9948 132.338 211 91807 1 1 1 0 0 0 0 0 0 118.009 16983.2 0 0 0 -0.674791 0.314684 149.95 1.43614 15.2487 
-26.9835 5.28443 17198.5 1.4641 0.33262 66.217 133.806 211 93699 1 1 1 0 0 0 0 0 0 119.417 16989.4 0 0 0 23.9181 10.7415 149.95 1.62357 14.9186 
-0.0894998 11.5151 17198.5 -2.11257 -1.07533 63.3538 138.749 211 93964 1 1 1 0 0 0 0 0 0 124.824 16998.3 0 0 0 -11.8681 -0.531966 149.95 1.65078 13.7242 
-16.6124 -22.9333 17198.5 3.52847 1.66828 67.2878 132.281 211 94237 1 1 1 0 0 0 0 0 0 117.54 17016.9 0 0 0 56.9492 -1.46192 149.95 1.7527 15.4225 
-71.0656 -8.83141 17198.5 0.632921 -3.80822 64.3842 136.615 211 98828 1 1 1 0 0 0 0 0 0 122.674 16995.8 0 0 0 7.00505 -3.65612 149.95 1.47447 14.1831 
-32.3817 -1.13604 17198.5 2.67528 0.948307 64.0591 137.399 211 100334 1 1 1 0 0 0 0 0 0 123.439 17001.5 0 0 0 10.055 6.76243 149.95 1.55616 14.025 
58.0071 7.61216 17198.5 -1.8219 -0.340195 68.3743 130.651 211 101575 1 1 1 0 0 0 0 0 0 116.002 17042.9 0 0 0 -7.16901 0.432562 149.95 1.46833 15.8593 
35.389 20.1941 17198.5 -2.73336 -2.26432 68.1184 130.647 211 102504 1 1 1 0 0 0 0 0 0 116.278 17036.5 0 0 0 -15.5776 2.70569 149.95 1.22475 15.7764 
9.94414 13.5688 17198.5 2.77511 -3.3522 61.5227 142.282 211 102762 1 1 1 0 0 0 0 0 0 128.834 17067.8 0 0 0 5.68908 3.4975 149.95 1.42977 13.0202 
-27.0645 -15.13 17198.5 0.258016 1.15391 69.1505 129.088 211 103734 1 1 1 0 0 0 0 0 0 114.374 16990.8 0 0 0 0.150051 5.99743 149.95 1.44223 16.1958 
-44.7603 8.29648 17198.5 0.735729 -1.63252 68.6041 129.937 211 105112 1 1 1 0 0 0 0 0 0 115.129 16971.1 0 0 0 10.0157 -8.70251 149.95 1.64306 15.9598 
-36.6793 13.2698 17198.5 -0.214926 -1.54296 70.141 127.598 211 106856 1 1 1 0 0 0 0 0 0 112.742 16989.9 0 0 0 -1.98069 9.77667 149.95 1.41401 16.6413 
37.4565 1.36793 17198.5 -1.29124 -0.944141 67.8167 131.289 211 107742 1 1 1 0 0 0 0 0 0 116.618 16992.3 0 0 0 7.52778 -3.35147 149.95 1.62592 15.612 
34.5634 -6.53628 17198.5 -0.613559 1.42119 63.7172 138.154 211 107895 1 1 1 0 0 0 0 0 0 124.296 17016.5 0 0 0 33.085 2.31913 149.95 1.51062 13.8642 
-28.607 -4.68645 17198.5 0.717621 0.574261 64.9792 135.835 211 108090 1 1 1 0 0 0 0 0 0 121.634 16978.6 0 0 0 8.65126 7.86933 149.95 1.6626 14.3875 
31.5469 29.8669 17198.5 0.351214 -0.414522 64.8418 136.198 211 109458 1 1 1 0 0 0 0 0 0 122.231 17024.7 0 0 0 37.337 3.17808 149.95 1.41914 14.3278 
18.401 38.1634 17198.5 0.846073 -3.41101 63.0793 139.391 211 109546 1 1 1 0 0 0 0 0 0 125.717 17060.1 0 0 0 21.7743 5.44469 149.95 1.39503 13.6329 
-49.1805 -9.75785 17198.5 1.21275 1.90658 68.1013 130.673 211 110235 1 1 1 0 0 0 0 0 0 115.946 16969.9 0 0 0 8.50731 6.58035 149.95 1.64673 15.7447 
-34.2684 3.42588 17198.5 0.520393 0.106435 65.7749 134.398 211 110700 1 1 1 0 0 0 0 0 0 120.137 16973.8 0 0 0 2.75175 8.70818 149.95 1.58833 14.7232 
-35.2323 -11.294 17198.5 1.9637 0.844021 64.2141 137.081 211 110735 1 1 1 0 0 0 0 0 0 123.129 16992.6 0 0 0 3.80392 -5.13867 149.95 1.53242 14.0783 
56.1827 18.9427 17198.5 -1.49037 -0.760559 68.5281 130.572 211 111488 1 1 1 0 0 0 0 0 0 115.736 17041 0 0 0 2.83941 3.6992 149.95 1.63043 15.9249 
-32.8594 7.49225 17198.5 0.539408 0.28127 69.0185 129.306 211 111836 1 1 1 0 0 0 0 0 0 114.695 17004.2 0 0 0 -4.04266 6.5548 149.95 1.35188 16.1339 
7.499 -38.4019 17198.5 -0.275161 0.0275406 66.6991 132.667 211 112403 1 1 1 0 0 0 0 0 0 118.171 16930.2 0 0 0 53.2441 -2.43405 149.95 1.69561 15.1188 
-5.26489 -9.23099 17198.5 1.53541 -0.24491 66.9817 132.69 211 114421 1 1 1 0 0 0 0 0 0 118.291 17023.7 0 0 0 39.2425 9.14882 149.95 1.47555 15.2484 
-14.3812 27.4334 17198.5 -0.105859 -1.42334 65.9161 134.179 211 115757 1 1 1 0 0 0 0 0 0 119.858 16974.2 0 0 0 2.71983 -5.89126 149.95 1.62058 14.7892 
-39.7807 10.611 17198.5 1.18793 -0.282335 65.8177 134.37 211 116670 1 1 1 0 0 0 0 0 0 120.087 16980.1 0 0 0 5.42238 8.00173 149.95 1.59571 14.7454 
31.3691 -65.0551 17198.5 -0.762201 2.13558 69.8024 128.803 211 120881 1 1 1 0 0 0 0 0 0 113.638 17047.1 0 0 0 20.7505 11.6853 149.95 1.73258 16.4983 
-17.699 -26.1626 17198.5 1.38061 0.188835 71.3537 126.991 211 123849 1 1 1 0 0 0 0 0 0 111.495 17091.6 0 0 0 12.2953 8.36026 149.95 1.76585 17.188 
-0.833371 -42.9567 17198.5 -0.216378 3.20078 64.4185 136.789 211 124065 1 1 1 0 0 0 0 0 0 122.587 16983.2 0 0 0 16.9794 4.65586 149.95 1.74598 14.1825 
-4.18379 18.4958 17198.5 -2.24407 -2.33218 64.4667 136.786 211 124554 1 1 1 0 0 0 0 0 0 122.69 17010.6 0 0 0 -13.8958 1.81723 149.95 1.61046 14.2032 
2.91598 9.57375 17198.5 -0.899539 -0.260314 66.4622 133.026 211 129330 1 1 1 0 0 0 0 0 0 118.932 16980.3 0 0 0 -10.5103 2.49034 149.95 1.29477 15.0194 
-1.83483 43.7257 17198.5 -0.688241 -4.44201 62.4158 140.61 211 129509 1 1 1 0 0 0 0 0 0 126.654 17024.1 0 0 0 13.5061 6.05827 149.95 1.80905 13.3866 
33.0868 11.2036 17198.5 -1.3743 -0.859197 66.7775 132.98 211 131247 1 1 1 0 0 0 0 0 0 118.429 16992 0 0 0 7.24568 -0.720058 149.95 1.68592 15.1609 
-4.94692 -13.0369 17198.5 0.815101 0.783366 64.7287 136.244 211 131652 1 1 1 0 0 0 0 0 0 122.092 16977.6 0 0 0 27.7269 2.18073 149.95 1.65802 14.2834 
44.5694 0.949022 17198.5 -0.710324 -0.291879 62.785 140.118 211 132460 1 1 1 0 0 0 0 0 0 126.524 17064.3 0 0 0 29.0108 1.8785 149.95 1.37961 13.4735 
-10.8826 -1.97352 17198.5 1.67135 0.101928 62.7588 139.863 211 132977 1 1 1 0 0 0 0 0 0 126.18 17015.7 0 0 0 15.1728 -1.79891 149.95 1.50477 13.4701 
-48.3354 1.48863 17198.5 0.970558 1.5027 70.1197 127.427 211 134533 1 1 1 0 0 0 0 0 0 112.575 16961 0 0 0 17.2794 -0.563381 149.95 1.43502 16.6342 
24.4818 -23.3919 17198.5 -0.471726 0.270721 68.3656 130.62 211 135509 1 1 1 0 0 0 0 0 0 115.844 17011.9 0 0 0 1.38049 -5.11845 149.95 1.62453 15.8454 
-34.2532 22.2082 17198.5 0.732632 -0.974267 67.3975 131.559 211 135582 1 1 1 0 0 0 0 0 0 117.28 16981.2 0 0 0 -3.77533 -0.86723 149.95 1.31692 15.4258 
-38.5975 29.4687 17198.5 2.22514 -2.81849 68.851 129.804 211 136779 1 1 1 0 0 0 0 0 0 115.005 17031.2 0 0 0 22.3849 13.0185 149.95 1.53318 16.0999 
42.2639 -16.4715 17198.5 -2.44546 1.45428 67.3925 132.184 211 137836 1 1 1 0 0 0 0 0 0 117.487 17022.3 0 0 0 -1.6531 -3.93807 149.95 1.6951 15.4449 
13.0751 -9.87245 17198.5 -1.02505 1.02855 61.5254 142.509 211 141816 1 1 1 0 0 0 0 0 0 128.772 17022.6 0 0 0 10.0104 -0.940474 149.95 1.77359 12.9661 
36.8149 -0.667044 17198.5 -1.90864 0.306277 66.0862 134.2 211 143303 1 1 1 0 0 0 0 0 0 119.633 16989.3 0 0 0 9.86 4.85611 149.95 1.82298 14.8674 
23.6814 34.7411 17198.5 0.470895 -0.464673 70.2974 127.93 211 145528 1 1 1 0 0 0 0 0 0 113.059 17072.3 0 0 0 -4.49383 -0.138011 149.95 1.33917 16.7052 
9.18699 -6.39684 17198.5 -3.15352 -0.679548 59.4702 147.316 211 155840 1 1 1 0 0 0 0 0 0 133.678 17101.1 0 0 0 3.09542 2.19409 149.95 1.9768 12.1761 
-10.8987 41.1508 17198.5 1.94616 -3.32486 65.8244 134.172 211 156684 1 1 1 0 0 0 0 0 0 119.89 16980.2 0 0 0 11.1648 -3.46812 149.95 1.57577 14.7915 
-15.2029 14.7742 17198.5 -2.76432 -1.26784 62.142 141.464 211 159333 1 1 1 0 0 0 0 0 0 127.585 17050.3 0 0 0 -25.3745 1.39043 149.95 1.77671 13.2392 
-142.148 -4.64002 17198.5 -2.87037 -4.0896 65.8144 133.867 211 160479 1 1 1 0 0 0 0 0 0 119.778 16981.5 0 0 0 2.01159 -0.900966 149.95 1.37055 14.82 
-55.7188 -10.209 17198.5 1.58725 1.12258 67.7469 131.033 211 161511 1 1 1 0 0 0 0 0 0 116.69 16987.5 0 0 0 -4.33662 5.58644 149.95 1.31255 15.5854 
-11.021 39.2641 17198.5 -0.977312 -3.32626 63.2342 138.979 211 163928 1 1 1 0 0 0 0 0 0 124.985 17001.6 0 0 0 -1.49679 4.04408 149.95 1.7294 13.6957 
-13.555 -4.29683 17198.5 1.64071 0.779323 63.4229 138.753 211 166984 1 1 1 0 0 0 0 0 0 124.835 17013.4 0 0 0 17.9021 5.91314 149.95 1.62338 13.7452 
28.6938 -2.28088 17198.5 -0.20816 0.906311 63.3651 138.968 211 169689 1 1 1 0 0 0 0 0 0 125.087 17027 0 0 0 26.5471 3.3047 149.95 1.5907 13.7134 
-30.8092 -3.96084 17198.5 0.625344 0.17055 65.6513 134.428 211 170310 1 1 1 0 0 0 0 0 0 120.321 16968.1 0 0 0 3.10313 -1.90672 149.95 1.45915 14.671 
-48.3031 -16.9799 17198.5 1.97941 0.203002 69.4943 128.796 211 172783 1 1 1 0 0 0 0 0 0 113.936 17014.3 0 0 0 10.9776 -0.106132 149.95 1.50803 16.3569 
34.5857 42.7565 17198.5 -0.628494 -0.746319 68.1627 130.796 211 172875 1 1008 1 0 0 0 0 0 0 115.97 16981 0 0 0 28.8723 5.65853 149.95 1.73265 15.7583 
-13.4132 -1.88761 17198.5 -1.04521 0.0805053 63.5795 138.015 211 172932 1 1 1 0 0 0 0 0 0 124.412 16992.9 0 0 0 -15.0549 1.0666 149.95 1.29848 13.8029 
25.647 -9.24996 17198.5 0.752333 0.934283 65.2483 135.62 211 173196 1 1 1 0 0 0 0 0 0 121.499 17031.1 0 0 0 38.9391 -6.86969 149.95 1.49569 14.5032 
-51.2251 33.5912 17198.5 0.297331 1.21202 72.0571 124.579 211 173440 1 1 1 0 0 0 0 0 0 109.328 16924 0 0 0 38.1508 3.44504 149.95 1.53653 17.5082 
-31.3863 -10.8568 17198.5 0.713848 0.986497 67.6943 131.406 211 175216 1 1 1 0 0 0 0 0 0 116.791 16984.8 0 0 0 10.5012 7.30222 149.95 1.59891 15.5551 
10.6509 -24.8725 17198.5 -0.627428 2.74087 63.3485 138.839 211 175231 1 1 1 0 0 0 0 0 0 124.764 16993.4 0 0 0 26.9013 4.81298 149.95 1.8023 13.7294 
19.2059 17.4423 17198.5 0.614815 -0.369226 64.3379 137.152 211 180393 1 1 1 0 0 0 0 0 0 123.165 17021.9 0 0 0 31.491 7.10068 149.95 1.52956 14.1169 
3.82531 0.438664 17198.5 -3.48173 -2.5771 61.0121 143.485 211 181381 1 1 1 0 0 0 0 0 0 129.724 17043.3 0 0 0 13.9532 0.369931 149.95 1.85138 12.8145 
-28.6769 4.78447 17198.5 0.716893 -0.286297 63.9367 137.446 211 181632 1 1 1 0 0 0 0 0 0 123.629 16979.8 0 0 0 0.433343 1.23454 149.95 1.46017 13.9496 
-36.109 -2.28289 17198.5 0.476085 -0.0829881 65.1489 135.225 211 182355 1 1 1 0 0 0 0 0 0 121.297 16974.6 0 0 0 -4.49566 -3.68682 149.95 1.36337 14.4573 
2.0937 -0.354661 17198.5 -1.95914 0.0586603 63.5267 138.435 211 183088 1 1 1 0 0 0 0 0 0 124.478 16993.5 0 0 0 -12.1812 -0.582988 149.95 1.65809 13.7899 
-27.6849 25.0188 17198.5 0.109694 -0.924822 65.7375 134.372 211 184955 1 1 1 0 0 0 0 0 0 120.218 16976.7 0 0 0 -1.63259 5.58587 149.95 1.48436 14.7092 
7.43067 -9.80901 17198.5 -0.854572 0.889312 61.6577 142.214 211 186633 1 1 1 0 0 0 0 0 0 128.46 17016.5 0 0 0 6.59605 -0.289143 149.95 1.77254 13.0176 
-41.9145 -13.3628 17198.5 1.4663 0.096029 67.6593 131.552 211 189052 1 1 1 0 0 0 0 0 0 116.886 16991.1 0 0 0 13.5179 -11.6997 149.95 1.64935 15.542 
19.4872 -2.35798 17198.5 -3.51234 3.09867 64.9235 135.994 211 190596 1 1 1 0 0 0 0 0 0 121.497 16987.3 0 0 0 22.7212 4.58186 149.95 1.93256 14.4325 
14.6936 54.7219 17198.5 0.241742 -0.569096 70.3023 127.674 211 197909 1 1 1 0 0 0 0 0 0 112.736 17024.6 0 0 0 15.3772 -12.0663 149.95 1.44324 16.7072 
26.4028 -18.9457 17198.5 -2.48839 1.47634 66.2659 133.82 211 199182 1 1 1 0 0 0 0 0 0 119.316 16999.3 0 0 0 -1.33944 -3.45386 149.95 1.71552 14.9594 
-9.07268 19.9688 17198.5 2.24141 -3.13865 62.536 140.188 211 199804 1 1 1 0 0 0 0 0 0 126.49 17023.1 0 0 0 -2.67371 1.85146 149.95 1.53789 13.4183 
4.12075 14.7809 17198.5 -2.75877 -0.0101481 63.9863 137.802 211 200453 1 1 1 0 0 0 0 0 0 123.743 17023.2 0 0 0 -17.5669 -3.23923 149.95 1.65172 13.9931 
37.6718 -12.778 17198.5 -0.103349 1.62436 63.8471 138.164 211 200836 1 1 1 0 0 0 0 0 0 124.353 17059.5 0 0 0 29.3534 -4.84591 149.95 1.41 13.919 
21.6019 -25.6996 17198.5 2.61567 3.30571 58.8462 148.904 211 201686 1 1 1 0 0 0 0 0 0 135.558 17178.4 0 0 0 -6.98218 1.2207 149.95 1.73341 11.957 
3.43953 -13.3929 17198.5 -1.84017 1.11575 63.6853 138.047 211 204110 1 1 1 0 0 0 0 0 0 124.112 16987.4 0 0 0 -6.29161 -1.68466 149.95 1.61196 13.8583 
8.34667 26.7146 17198.5 1.89833 -3.64674 61.7408 141.855 211 205758 1 1 1 0 0 0 0 0 0 128.337 17057.4 0 0 0 6.98493 1.81044 149.95 1.47106 13.1016 
13.6767 95.9879 17198.5 0.696872 -3.95966 70.5631 127.63 211 209349 1 1 1 0 0 0 0 0 0 112.569 17089.5 0 0 0 -1.15971 4.63406 149.95 1.44981 16.8752 
2.21447 -35.6572 17198.5 1.42814 2.98921 64.0543 137.349 211 209572 1 1 1 0 0 0 0 0 0 123.38 16998.1 0 0 0 26.3478 -0.563338 149.95 1.5651 14.0324 
-5.27057 3.93363 17198.5 2.47481 0.053102 63.6035 138.398 211 210607 1 1 1 0 0 0 0 0 0 124.669 17045 0 0 0 24.7378 3.99976 149.95 1.37559 13.8292 
29.3644 45.6606 17198.5 0.275867 -1.5305 66.3838 133.687 211 212198 1 1 1 0 0 0 0 0 0 119.15 16994.3 0 0 0 50.9284 0.984872 149.95 1.73984 14.9907 
-13.8583 21.0506 17198.5 2.62591 -3.44208 63.8779 137.375 211 214154 1 1 1 0 0 0 0 0 0 123.639 17003.1 0 0 0 -6.60512 3.41765 149.95 1.34806 13.9843 
42.4971 -38.2004 17198.5 -1.8117 1.34559 67.2921 131.991 211 215785 1 1 1 0 0 0 0 0 0 117.446 16985.4 0 0 0 39.7636 -11.0971 149.95 1.59341 15.3916 
-21.0972 -21.1364 17198.5 0.0620104 1.00371 65.8558 134.129 211 216102 1 1 1 0 0 0 0 0 0 119.958 16970.8 0 0 0 -1.02582 2.09943 149.95 1.48469 14.7601 
8.18232 29.7033 17198.5 1.96338 -1.5542 64.5897 136.779 211 217032 1 1 1 0 0 0 0 0 0 122.804 17050.3 0 0 0 34.3217 6.801 149.95 1.44395 14.2412 
18.8399 -9.49726 17198.5 -1.35333 1.17256 63.3459 138.928 211 218752 1 1 1 0 0 0 0 0 0 124.808 16988.7 0 0 0 19.7601 6.83696 149.95 1.85772 13.713 
65.8832 -31.4032 17198.5 -1.33533 1.63683 69.815 129.022 211 220877 1 1 1 0 0 0 0 0 0 113.941 17094.5 0 0 0 2.60867 -2.14266 149.95 1.60942 16.5017 
-21.641 58.1718 17198.5 1.8838 -1.73014 69.4645 128.523 211 220891 1 1 1 0 0 0 0 0 0 113.779 16988.2 0 0 0 33.6027 13.3358 149.95 1.41324 16.3519 
8.10346 62.2168 17198.5 0.724285 -1.50559 70.5231 127.747 211 228704 1 1 1 0 0 0 0 0 0 112.69 17075.2 0 0 0 -0.720281 5.556 149.95 1.48111 16.8144 
-31.0219 -7.50097 17198.5 2.82717 -1.94316 62.7775 139.93 211 231983 1 1 1 0 0 0 0 0 0 126.104 17029.8 0 0 0 -5.19899 4.32394 149.95 1.62217 13.507 
-27.461 -18.4461 17198.5 2.44961 2.76307 65.3503 134.905 211 234228 1 1 1 0 0 0 0 0 0 120.811 16985.3 0 0 0 0.861978 5.1652 149.95 1.46889 14.586 
15.9595 57.121 17198.5 -0.162111 -0.596877 70.0145 127.861 211 236963 1 1 1 0 0 0 0 0 0 112.92 16982.5 0 0 0 17.6804 5.62326 149.95 1.5292 16.578 
21.3077 55.0569 17198.5 2.79954 -3.66247 65.1934 135.541 211 237574 1 1 1 0 0 0 0 0 0 121.501 17056.6 0 0 0 40.6812 4.17249 149.95 1.37922 14.5443 
12.5183 50.7603 17198.5 -2.0705 -3.07531 69.2834 128.921 211 238622 1 1 1 0 0 0 0 0 0 114.254 17027.4 0 0 0 -9.07257 7.97715 149.95 1.32873 16.2944 
-7.55675 16.0997 17198.5 1.34457 -0.959589 59.7619 146.745 211 239715 1 1 1 0 0 0 0 0 0 133.274 17114.5 0 0 0 -10.1537 0.306308 149.95 1.75853 12.2654 
2.48396 -32.8929 17198.5 -0.82417 4.16033 61.7036 142.104 211 242246 1 1 1 0 0 0 0 0 0 128.319 17047.1 0 0 0 12.6161 -3.76228 149.95 1.75075 13.0901 
-9.68918 10.5578 17198.5 1.01883 -0.627714 65.0231 135.764 211 242786 1 1 1 0 0 0 0 0 0 121.529 16976.6 0 0 0 28.4744 -0.862618 149.95 1.68932 14.408 
7.99656 26.2878 17198.5 3.15096 -3.32289 63.4352 138.532 211 242967 1 1 1 0 0 0 0 0 0 124.682 17033 0 0 0 17.5112 8.62158 149.95 1.5143 13.8079 
37.339 25.6364 17198.5 -2.79677 -3.0816 67.834 131.135 211 243592 1 1 1 0 0 0 0 0 0 116.687 17034 0 0 0 -12.01 4.39382 149.95 1.34863 15.6671 
11.7978 9.07968 17198.5 -0.684858 -0.705243 58.5351 149.988 211 244270 1 1 1 0 0 0 0 0 0 136.559 17172.2 0 0 0 -11.1561 -1.31412 149.95 1.90197 11.7809 
-39.0464 20.1918 17198.5 1.0531 -0.980276 67.2556 131.744 211 245898 1 1 1 0 0 0 0 0 0 117.506 16979.2 0 0 0 -2.71205 0.850925 149.95 1.30089 15.366 
-24.3152 15.7763 17198.5 0.928115 -0.959368 63.6111 138.151 211 251863 1 1 1 0 0 0 0 0 0 124.313 16989.3 0 0 0 4.29432 4.07631 149.95 1.5296 13.8182 
-45.6125 19.7075 17198.5 1.64532 -1.21988 68.0884 130.487 211 256772 1 1 1 0 0 0 0 0 0 116.119 16990.2 0 0 0 -2.76331 -0.303769 149.95 1.27665 15.7362 
-6.06581 -52.2688 17198.5 1.74197 3.91044 66.7831 132.611 211 257042 1 1 1 0 0 0 0 0 0 118.131 16980.5 0 0 0 15.0978 1.15262 149.95 1.60283 15.214 
-26.4955 -0.859457 17198.5 2.79347 0.940102 64.1188 137.416 211 257893 1 1 1 0 0 0 0 0 0 123.382 17010.8 0 0 0 15.8444 7.23456 149.95 1.61185 14.0519 
3.12652 -10.1717 17198.5 -2.12633 -0.642956 64.0629 137.759 211 260133 1 1 1 0 0 0 0 0 0 123.578 17015.2 0 0 0 -11.8724 4.8795 149.95 1.77058 14.0164 
49.093 13.601 17198.5 -2.07246 -1.41729 63.9654 137.913 211 264526 1 1 1 0 0 0 0 0 0 123.954 17043.8 0 0 0 44.3176 -1.27263 149.95 1.54338 13.9802 
23.5939 38.9878 17198.5 -1.57099 -3.8194 64.41 137.158 211 265555 1 1 1 0 0 0 0 0 0 123.121 17068.9 0 0 0 47.5798 4.19695 149.95 1.50976 14.2009 
36.8643 -1.53499 17198.5 0.194309 0.639827 66.4111 133.652 211 270885 1 1 1 0 0 0 0 0 0 119.283 17016.5 0 0 0 38.9724 -9.50736 149.95 1.55226 14.9961 
25.6071 -53.849 17198.5 0.836846 1.22047 69.4351 129.439 211 271622 1 1 1 0 0 0 0 0 0 114.346 17057.9 0 0 0 34.9088 12.7591 149.95 1.71868 16.3249 
-4.45302 57.8054 17198.5 1.56111 -1.56271 69.4281 129.06 211 277871 1 1 1 0 0 0 0 0 0 114.227 17043.3 0 0 0 29.0964 -12.1734 149.95 1.46732 16.3304 
21.1397 53.1494 17198.5 3.09111 -3.75844 65.3321 135.288 211 282705 1 1 1 0 0 0 0 0 0 121.207 17056.3 0 0 0 37.8233 5.88192 149.95 1.3919 14.6109 
-27.3281 44.9858 17198.5 1.3328 -1.49617 69.8844 128.464 211 282747 1 1 1 0 0 0 0 0 0 113.445 17036.2 0 0 0 3.88922 8.76052 149.95 1.58205 16.5313 
25.495 -2.44916 17198.5 -0.465 0.259056 67.2249 132.305 211 288058 1 1 1 0 0 0 0 0 0 117.665 16991 0 0 0 11.1887 2.29 149.95 1.70217 15.3469 
-18.6451 -29.6402 17198.5 -0.0991926 1.50573 66.374 133.319 211 288070 1 1 1 0 0 0 0 0 0 119.051 16977.4 0 0 0 -0.977861 4.51526 149.95 1.48585 14.986 
43.03 -1.88047 17198.5 -2.37134 0.120741 67.0469 132.4 211 289818 1 1 1 0 0 0 0 0 0 118.061 17013.1 0 0 0 -9.46757 -0.232041 149.95 1.40832 15.2871 
37.2754 19.7512 17198.5 0.579105 -0.489345 67.7141 131.863 211 291486 1 1 1 0 0 0 0 0 0 116.947 17010.8 0 0 0 50.3876 -0.364626 149.95 1.8768 15.5608 
40.0334 28.4582 17198.5 -0.643377 -0.478638 65.2566 135.486 211 291561 1 1 1 0 0 0 0 0 0 121.334 17008.6 0 0 0 37.9038 7.8234 149.95 1.5425 14.5042 
9.72804 42.3128 17198.5 0.0612964 -0.288417 69.3131 129.013 211 295584 1 1 1 0 0 0 0 0 0 114.189 17001 0 0 0 8.10638 2.89816 149.95 1.51715 16.2638 
-47.0587 -8.04961 17198.5 1.35204 2.32867 65.174 135.336 211 297016 1 1 1 0 0 0 0 0 0 121.385 17007.4 0 0 0 -17.8883 -3.05648 149.95 1.3486 14.4906 
7.99688 -33.0329 17198.5 0.144618 2.03757 66.5474 133.169 211 300729 1 1 1 0 0 0 0 0 0 118.651 16968.2 0 0 0 30.7881 1.28382 149.95 1.70921 15.0667 
-3.03572 -12.0371 17198.5 1.72095 0.934624 59.2923 147.836 211 304713 1 1 1 0 0 0 0 0 0 134.557 17146.2 0 0 0 -14.1147 0.809427 149.95 1.62818 12.0848 
-19.4745 35.8852 17198.5 1.32832 -2.91128 65.5812 134.727 211 305140 1 1 1 0 0 0 0 0 0 120.422 16983.6 0 0 0 8.37012 -7.68233 149.95 1.64565 14.6731 
-2.87548 9.86854 17198.5 0.797607 -0.60634 64.3205 136.979 211 306195 1 1 1 0 0 0 0 0 0 122.902 16982 0 0 0 27.2025 -0.476174 149.95 1.65094 14.1112 
19.6399 -24.4731 17198.5 -0.969853 1.37953 66.8503 132.745 211 310327 1 1 1 0 0 0 0 0 0 118.26 16986.7 0 0 0 5.03361 1.86807 149.95 1.6121 15.193 
46.2184 -2.12799 17198.5 -1.98293 0.440227 67.0623 132.671 211 313477 1 1 1 0 0 0 0 0 0 118.014 17007.4 0 0 0 3.94862 -0.475894 149.95 1.73002 15.2888 
-19.7616 1.63672 17198.5 1.03498 0.203478 63.6355 138.323 211 316837 1 1 1 0 0 0 0 0 0 124.311 16994.1 0 0 0 13.0515 6.47986 149.95 1.69726 13.8261 
6.16492 5.67135 17198.5 0.351672 -0.371649 63.3803 138.694 211 317596 1 1 1 0 0 0 0 0 0 124.803 16991.1 0 0 0 22.7993 0.281325 149.95 1.62444 13.7177 
6.64474 -5.75905 17198.5 0.197422 1.08718 68.0474 130.774 211 318537 1 1 1 0 0 0 0 0 0 116.05 16964.5 0 0 0 28.5897 2.83669 149.95 1.66252 15.7086 
10.9416 1.56266 17198.5 -2.91935 -0.253137 63.6814 137.999 211 320730 1 1 1 0 0 0 0 0 0 124.106 16993.8 0 0 0 -8.54154 0.338925 149.95 1.56116 13.8695 
-12.5563 16.6959 17198.5 2.45467 -2.4787 62.7993 139.609 211 321744 1 1 1 0 0 0 0 0 0 125.935 17013.6 0 0 0 2.4388 3.30895 149.95 1.47822 13.5172 
7.48805 -65.6546 17198.5 -0.758641 3.15523 68.2384 130.9 211 322349 1 1 1 0 0 0 0 0 0 115.994 17020.9 0 0 0 9.38843 -8.73695 149.95 1.75609 15.8224 
1.58378 -1.28547 17198.5 -3.63568 -0.398063 63.13 139.07 211 323107 1 1 1 0 0 0 0 0 0 125.301 17019.5 0 0 0 -18.9019 1.09232 149.95 1.50819 13.6572 
18.5803 -15.9853 17198.5 -1.92726 2.5519 63.1833 139.079 211 325582 1 1 1 0 0 0 0 0 0 125.111 17001.3 0 0 0 27.7552 1.44082 149.95 1.71478 13.6688 
8.50122 -0.296085 17198.5 -2.97964 2.30475 60.6213 144.356 211 325885 1 1 1 0 0 0 0 0 0 130.777 17061.7 0 0 0 11.4024 -1.6279 149.95 1.73166 12.6434 
22.021 1.37072 17198.5 -1.6144 -0.368255 60.4941 144.74 211 327061 1 1 1 0 0 0 0 0 0 131.341 17072.8 0 0 0 7.97453 0.412847 149.95 1.58331 12.5551 
-6.19651 9.23987 17198.5 3.06787 -2.32186 63.8937 137.718 211 329283 1 1 1 0 0 0 0 0 0 123.844 17027.4 0 0 0 21.6118 -6.02537 149.95 1.47069 13.978 
-45.6384 -1.12618 17198.5 2.2797 0.202928 68.0207 130.951 211 329926 1 1 1 0 0 0 0 0 0 116.233 16992 0 0 0 21.3713 -0.349382 149.95 1.6343 15.7099 
-53.4577 -0.061782 17198.5 1.12295 -0.646402 69.5396 128.431 211 331093 1 1 1 0 0 0 0 0 0 113.832 17006 0 0 0 -6.89867 -6.00251 149.95 1.24771 16.3698 
12.4855 53.4188 17198.5 2.17784 -2.64309 65.3878 135.236 211 339748 1 1 1 0 0 0 0 0 0 121.224 17049.4 0 0 0 36.669 2.15392 149.95 1.33463 14.5958 
-57.3909 -1.3899 17198.5 1.81793 1.06423 69.7961 128.024 211 340662 1 1 1 0 0 0 0 0 0 113.335 16999 0 0 0 2.9962 0.215471 149.95 1.29599 16.4932 
-19.7833 17.662 17198.5 2.6644 -2.18831 66.4145 133.298 211 343174 1 1 1 0 0 0 0 0 0 118.874 16980.9 0 0 0 33.9332 -0.736034 149.95 1.61929 15.0345 
-0.0159185 27.0231 17198.5 0.331231 -1.35987 66.0966 133.969 211 343860 1 1 1 0 0 0 0 0 0 119.522 16972.8 0 0 0 23.5979 -0.0583798 149.95 1.71669 14.8661 
9.06726 36.1339 17198.5 -0.495461 -2.49908 63.2685 139.138 211 345919 1 1 1 0 0 0 0 0 0 125.057 17008.8 0 0 0 20.0444 6.89411 149.95 1.81369 13.6918 
12.7381 -45.7828 17198.5 -0.242269 1.30167 68.5244 130.482 211 346533 1 1 1 0 0 0 0 0 0 115.608 17019.3 0 0 0 4.81751 -7.38984 149.95 1.68798 15.9199 
16.4586 -47.7442 17198.5 2.55339 6.01595 63.3364 138.463 211 346632 1 1 1 0 0 0 0 0 0 124.466 17022.9 0 0 0 3.85817 -7.37983 149.95 1.65574 13.8379 
-29.5863 -1.782 17198.5 0.839921 0.0439619 68.9159 129.503 211 348590 1 1 1 0 0 0 0 0 0 114.903 17010.3 0 0 0 -0.897073 -1.08578 149.95 1.35429 16.0895 
5.53653 30.9172 17198.5 -0.559031 -1.86563 66.8732 132.785 211 350174 1 1 1 0 0 0 0 0 0 118.152 16978.8 0 0 0 13.0591 -9.72239 149.95 1.76045 15.206 
4.3323 -31.5567 17198.5 -2.09711 2.30393 65.0226 135.633 211 351299 1 1 1 0 0 0 0 0 0 121.472 16985 0 0 0 -2.47203 -4.74235 149.95 1.59812 14.4346 
5.04378 -53.3826 17198.5 1.45352 1.7475 68.2938 130.882 211 352676 1 1 1 0 0 0 0 0 0 115.915 17013.4 0 0 0 45.158 0.0546674 149.95 1.81956 15.8295 
-18.5856 31.7745 17198.5 0.35973 -2.18804 64.7118 136.216 211 353425 1 1 1 0 0 0 0 0 0 122.09 16980.3 0 0 0 4.33816 -2.69551 149.95 1.62806 14.2881 
0.0811306 -46.3124 17198.5 -0.842271 3.33479 65.0605 135.652 211 353933 1 1 1 0 0 0 0 0 0 121.342 16981 0 0 0 13.7606 3.161 149.95 1.74045 14.4575 
15.8492 -16.7957 17198.5 -2.02801 3.31767 62.3359 140.825 211 360344 1 1 1 0 0 0 0 0 0 127.177 17061.6 0 0 0 22.6098 -4.64757 149.95 1.4952 13.3374 
-34.1607 -4.29772 17198.5 0.418382 -0.855815 63.2329 139.108 211 360683 1 1 1 0 0 0 0 0 0 125.272 17016.7 0 0 0 -10.9999 1.77411 149.95 1.57599 13.6589 
17.2632 3.65506 17198.5 0.0123343 -0.450029 60.872 143.911 211 362739 1 1 1 0 0 0 0 0 0 130.55 17070 0 0 0 6.5539 1.18143 149.95 1.48499 12.6975 
-47.7737 5.25746 17198.5 2.26367 -0.476647 67.257 131.94 211 371878 1 1 1 0 0 0 0 0 0 117.48 16981.9 0 0 0 14.0609 2.31709 149.95 1.5163 15.3772 
-11.8354 -11.5236 17198.5 2.22224 1.22843 62.7822 139.76 211 373035 1 1 1 0 0 0 0 0 0 126.102 17019.3 0 0 0 12.9564 -3.96115 149.95 1.4692 13.4916 
-12.9318 10.3413 17198.5 1.2081 -0.353957 70.3853 128.147 211 374319 1 1005 1 0 0 0 0 0 0 112.81 17058 0 0 0 23.4713 15.4506 149.95 1.79984 16.7484 
36.37 7.10656 17198.5 -0.755112 -0.142236 62.9757 139.694 211 374494 1 1 1 0 0 0 0 0 0 125.907 17032.8 0 0 0 28.0035 5.81035 149.95 1.56099 13.5519 
-8.40088 61.8848 17198.5 0.270515 -2.36604 68.5376 130.251 211 375991 1 1 1 0 0 0 0 0 0 115.523 17017.1 0 0 0 0.208229 8.84987 149.95 1.53623 15.9384 
26.4766 31.3012 17198.5 -2.29605 -2.26495 67.5179 131.934 211 377077 1 1 1 0 0 0 0 0 0 117.22 17019.4 0 0 0 1.24489 6.67378 149.95 1.68994 15.5069 
3.09079 37.5736 17198.5 1.16664 -4.19569 62.1704 140.984 211 379888 1 1 1 0 0 0 0 0 0 127.249 17034.4 0 0 0 7.63566 3.81669 149.95 1.62552 13.2825 
28.8592 -48.7291 17198.5 0.334399 1.00839 70.1402 128.303 211 380509 1 1 1 0 0 0 0 0 0 113.293 17070.5 0 0 0 1.67268 -5.19619 149.95 1.50591 16.6368 
-10.7347 -8.07203 17198.5 3.01858 3.41137 63.5392 138.212 211 381049 1 1 1 0 0 0 0 0 0 124.348 17014.6 0 0 0 14.51 3.38048 149.95 1.5244 13.8502 
-44.5371 -17.4506 17198.5 2.15056 2.37255 68.5291 129.934 211 382380 1 1 1 0 0 0 0 0 0 115.293 16989.5 0 0 0 9.20036 8.30999 149.95 1.46607 15.9493 
-16.1592 36.9247 17198.5 2.50821 -2.64697 66.7026 132.989 211 382493 1 1 1 0 0 0 0 0 0 118.489 17001.9 0 0 0 17.429 10.6007 149.95 1.62752 15.163 
-27.2328 -33.7271 17198.5 1.12874 1.8486 68.3085 130.268 211 383239 1 1 1 0 0 0 0 0 0 115.703 16985 0 0 0 7.29505 1.69322 149.95 1.43887 15.8344 
7.68225 6.42128 17198.5 -2.50491 -2.63592 60.8107 143.927 211 383801 1 1 1 0 0 0 0 0 0 130.374 17059.8 0 0 0 11.4502 1.24666 149.95 1.67586 12.7157 
-20.9136 24.9223 17198.5 -0.0314457 -0.72579 66.4757 133.281 211 385089 1 1 1 0 0 0 0 0 0 118.909 16979.8 0 0 0 0.680312 6.21753 149.95 1.57135 15.0241 
9.28944 -14.4768 17198.5 -0.951781 0.763475 66.3545 133.351 211 385210 1 1 1 0 0 0 0 0 0 119.12 16980.8 0 0 0 -4.55051 1.9999 149.95 1.44986 14.9751 
15.6855 26.079 17198.5 -1.2853 -1.6563 66.0139 134.101 211 385611 1 1 1 0 0 0 0 0 0 119.699 16981.3 0 0 0 6.3902 -3.45643 149.95 1.67681 14.8386 
-2.49674 25.4176 17198.5 0.457179 -2.62099 63.4345 138.69 211 394239 1 1 1 0 0 0 0 0 0 124.598 16992.1 0 0 0 24.3276 -5.65339 149.95 1.80535 13.7623 
-18.1066 -15.8879 17198.5 1.13366 0.218045 68.964 129.766 211 396818 1 1 1 0 0 0 0 0 0 114.83 17012.4 0 0 0 19.8766 -0.0578179 149.95 1.67936 16.1128 
20.88 -10.5601 17198.5 -1.33815 0.822265 65.7969 134.582 211 397788 1 1 1 0 0 0 0 0 0 120.11 16980 0 0 0 6.46782 5.39618 149.95 1.78738 14.7397 
-22.3247 6.62777 17198.5 2.43699 -3.85325 63.8558 137.59 211 401304 1 1 1 0 0 0 0 0 0 123.677 17006.8 0 0 0 13.4432 -4.06363 149.95 1.52323 13.9817 
10.0386 7.30111 17198.5 0.309241 -0.551484 62.655 140.111 211 405938 1 1 1 0 0 0 0 0 0 126.377 17008.9 0 0 0 19.6994 0.685027 149.95 1.58238 13.4196 
26.43 26.8246 17198.5 -1.48592 -2.824 66.2431 133.686 211 408899 1 1 1 0 0 0 0 0 0 119.37 17004.6 0 0 0 31.3089 11.1687 149.95 1.52504 14.9555 
15.8542 0.459894 17198.5 -3.30832 0.0475832 60.566 144.546 211 414572 1 1 1 0 0 0 0 0 0 130.884 17052.6 0 0 0 11.5524 -1.09285 149.95 1.83597 12.6107 
29.7938 -27.8764 17198.5 -0.0721083 0.333258 65.6556 134.828 211 415176 1 1 1 0 0 0 0 0 0 120.538 16999.2 0 0 0 36.2386 -7.59211 149.95 1.61896 14.6719 
-33.7312 3.91042 17198.5 1.1103 -0.413448 69.0108 129.444 211 416813 1 1004 1 0 0 0 0 0 0 114.712 17006.7 0 0 0 4.77293 5.89076 149.95 1.4716 16.1338 
-43.5662 19.4542 17198.5 1.18242 -0.215874 68.5726 130.158 211 420954 1 1 1 0 0 0 0 0 0 115.401 17000.2 0 0 0 5.7573 8.76247 149.95 1.57679 15.9402 
23.9998 1.06846 17198.5 -0.283931 0.227259 62.7081 140.14 211 421191 1 1 1 0 0 0 0 0 0 126.343 17018 0 0 0 23.1028 5.40016 149.95 1.63074 13.4405 
21.137 59.2204 17198.5 -2.10086 -2.19576 69.6005 128.631 211 422054 1 1 1 0 0 0 0 0 0 113.599 16999.2 0 0 0 14.8299 9.47333 149.95 1.66677 16.4212 
-25.746 11.9232 17198.5 0.292316 -0.314259 65.228 135.408 211 424758 1 1 1 0 0 0 0 0 0 121.16 16975.8 0 0 0 5.26056 7.74482 149.95 1.66883 14.4906 
-5.69573 33.3366 17198.5 0.265126 -2.43935 65.2594 135.453 211 425389 1 1 1 0 0 0 0 0 0 121.07 16982.9 0 0 0 21.0841 -9.12207 149.95 1.78564 14.5228 
36.9661 -27.8435 17198.5 -1.08916 1.32945 68.9609 129.793 211 426310 1 1 1 0 0 0 0 0 0 114.94 17030.8 0 0 0 -0.0859774 -7.12211 149.95 1.58064 16.1167 
17.4424 12.3413 17198.5 3.60164 -3.78311 61.7803 141.603 211 429099 1 1 1 0 0 0 0 0 0 128.123 17062.9 0 0 0 4.42547 1.81017 149.95 1.40674 13.1515 
1.74879 15.6151 17198.5 0.752619 -1.07715 63.4975 138.481 211 431054 1 1 1 0 0 0 0 0 0 124.583 16995.6 0 0 0 24.0934 0.54804 149.95 1.60658 13.7709 
-9.13662 -13.2818 17198.5 3.45864 2.02627 64.0174 137.535 211 431837 1 1 1 0 0 0 0 0 0 123.627 17033 0 0 0 20.1552 -8.30233 149.95 1.47669 14.0337 
46.457 -10.4435 17198.5 -1.28234 -0.398238 64.0187 137.692 211 432353 1 1 1 0 0 0 0 0 0 123.75 17020.6 0 0 0 37.9375 -1.7744 149.95 1.54011 13.9877 
19.1414 -26.3428 17198.5 -0.333625 -0.612269 67.7158 131.197 211 433605 1 1 1 0 0 0 0 0 0 116.588 16958.9 0 0 0 37.9819 -11.5131 149.95 1.60929 15.5612 
41.7756 24.6779 17198.5 -0.97898 -0.524787 68.6456 130.202 211 434406 1 1 1 0 0 0 0 0 0 115.496 17032 0 0 0 -3.9937 1.28538 149.95 1.48875 15.9717 
-42.1202 -8.09424 17198.5 2.46524 1.95088 65.1706 135.146 211 434833 1 1 1 0 0 0 0 0 0 121.213 16987.7 0 0 0 -3.86862 2.893 149.95 1.34225 14.4978 
20.1489 13.3893 17198.5 -1.13701 -1.56247 62.8434 139.828 211 438651 1 1003 1 0 0 0 0 0 0 125.881 17000.1 0 0 0 22.1585 -4.36978 149.95 1.76426 13.5078 
27.8726 -28.1264 17198.5 -2.06494 1.69725 67.4317 131.877 211 438922 1 1 1 0 0 0 0 0 0 117.385 17015.6 0 0 0 -6.99011 -2.96164 149.95 1.48987 15.4589 
-14.8931 -57.957 17198.5 1.71645 3.34764 69.5656 128.383 211 443026 1 1 1 0 0 0 0 0 0 113.666 17009.3 0 0 0 8.53406 -10.4743 149.95 1.34368 16.4214 
-28.6503 5.20609 17198.5 2.26035 -0.520167 66.2653 133.675 211 444487 1 1 1 0 0 0 0 0 0 119.236 16981.9 0 0 0 33.231 1.60984 149.95 1.66811 14.9494 
-11.3808 0.47326 17198.5 2.82305 -0.34862 62.9816 139.423 211 445605 1 1 1 0 0 0 0 0 0 125.785 17033.8 0 0 0 17.2796 -2.04448 149.95 1.40051 13.5788 
30.0863 -11.4802 17198.5 -1.16974 1.03906 67.3796 131.952 211 449944 1 1 1 0 0 0 0 0 0 117.382 16993.2 0 0 0 4.45044 3.11001 149.95 1.60129 15.4211 
15.0047 -7.02071 17198.5 -0.744934 0.4074 65.5281 134.885 211 451308 1 1 1 0 0 0 0 0 0 120.578 16973.1 0 0 0 10.4882 2.78039 149.95 1.67683 14.6196 
11.4484 8.26116 17198.5 -1.67127 -1.20927 61.2192 143.201 211 453717 1 1 1 0 0 0 0 0 0 129.42 17028.1 0 0 0 7.9518 1.09133 149.95 1.86464 12.8499 
-1.04157 22.4028 17198.5 0.465506 -1.58616 63.4696 138.521 211 453853 1 1 1 0 0 0 0 0 0 124.576 16989.3 0 0 0 19.1944 -1.73626 149.95 1.66119 13.7627 
-26.7157 29.8524 17198.5 0.477564 0.654557 68.5526 129.84 211 454164 1 1 1 0 0 0 0 0 0 115.136 16954.8 0 0 0 35.4424 10.8985 149.95 1.56363 15.9288 
-56.126 -22.5691 17198.5 1.29997 -0.0729225 70.2202 127.528 211 454584 1 1 1 0 0 0 0 0 0 112.816 17019 0 0 0 -6.4181 -5.80242 149.95 1.23451 16.6745 
53.4314 6.58827 17198.5 -2.00539 -0.872038 68.1586 130.946 211 456266 1 1 1 0 0 0 0 0 0 116.282 17032.7 0 0 0 -5.30507 5.79051 149.95 1.52614 15.7689 
25.5534 10.7741 17198.5 -0.630684 -0.22429 68.1528 130.735 211 457628 1 1 1 0 0 0 0 0 0 116.215 17013.6 0 0 0 -7.61241 2.47937 149.95 1.40327 15.7524 
-24.4238 18.5476 17198.5 0.859142 -2.32193 63.128 139.122 211 458922 1 1 1 0 0 0 0 0 0 125.357 17011.1 0 0 0 -6.64018 4.04414 149.95 1.52097 13.6327 
-14.9277 8.10914 17198.5 0.302457 0.637457 69.4217 128.672 211 461300 1 1 1 0 0 0 0 0 0 113.972 16995.8 0 0 0 1.7325 1.54993 149.95 1.37902 16.3135 
-10.7002 -35.4711 17198.5 1.49507 0.741984 67.476 131.829 211 465754 1 1 1 0 0 0 0 0 0 117.149 16984.4 0 0 0 44.4513 0.413724 149.95 1.69964 15.4641 
-9.35887 53.8393 17198.5 1.48049 -7.12325 68.9893 129.523 211 467854 1 1 1 0 0 0 0 0 0 114.406 17047.4 0 0 0 34.2048 0.45983 149.95 1.7646 16.2897 
8.94335 -12.0617 17198.5 0.153271 1.11745 61.2853 142.958 211 472899 1 1 1 0 0 0 0 0 0 129.47 17046.2 0 0 0 7.75775 0.566735 149.95 1.55183 12.8667 
39.9628 -5.91246 17198.5 -2.00042 -0.622057 63.1786 139.3 211 473027 1 1 1 0 0 0 0 0 0 125.413 17028.7 0 0 0 30.235 -5.6737 149.95 1.62297 13.6478 
-3.55023 -22.0544 17198.5 2.55748 3.69102 62.8619 139.447 211 479062 1 1 1 0 0 0 0 0 0 125.723 17019.1 0 0 0 -2.16914 -4.02709 149.95 1.50127 13.569 
4.40904 -17.1465 17198.5 -0.871416 1.03808 64.5436 136.481 211 482001 1 1 1 0 0 0 0 0 0 122.404 16973.5 0 0 0 4.89705 0.770043 149.95 1.61687 14.2074 
10.1153 8.629 17198.5 -0.15918 -0.602802 67.6028 131.564 211 483759 1 1 1 0 0 0 0 0 0 116.991 16988.9 0 0 0 7.54153 -5.23513 149.95 1.56993 15.5116 
-30.9763 -21.6217 17198.5 1.17537 1.73378 65.3939 134.999 211 485816 1 1 1 0 0 0 0 0 0 120.814 16978.7 0 0 0 4.80835 7.12077 149.95 1.56869 14.5745 
-15.3498 14.8707 17198.5 1.54762 -2.39604 63.8376 137.749 211 485938 1 1 1 0 0 0 0 0 0 123.598 16964.8 0 0 0 33.1228 -2.32345 149.95 1.81237 13.933 
18.9649 -38.2773 17198.5 -0.0851496 0.717567 69.1839 129.375 211 491850 1 1 1 0 0 0 0 0 0 114.618 17033.8 0 0 0 -2.02246 -4.70983 149.95 1.44707 16.2078 
15.249 -67.2093 17198.5 -1.91779 3.4054 69.1776 129.498 211 494764 1 1 1 0 0 0 0 0 0 114.597 17055.3 0 0 0 3.85652 -1.43965 149.95 1.55666 16.2523 
10.8413 -2.42449 17198.5 0.243346 0.252325 66.8136 132.963 211 496554 1 1 1 0 0 0 0 0 0 118.311 16979.5 0 0 0 25.9327 2.24421 149.95 1.79357 15.1684 
-11.7587 5.14092 17198.5 1.6365 -1.75468 61.2575 143.054 211 497727 1 1 1 0 0 0 0 0 0 129.535 17057.2 0 0 0 -2.38263 0.164546 149.95 1.57411 12.8702 
-20.9208 13.1204 17198.5 1.18769 -1.2777 64.3892 136.944 211 498574 1 1 1 0 0 0 0 0 0 122.795 16989.5 0 0 0 15.6263 -8.28976 149.95 1.70314 14.1466 
10.6565 -31.3324 17198.5 -0.664347 1.66943 66.1654 133.845 211 500170 1 1 1 0 0 0 0 0 0 119.417 16978 0 0 0 10.5934 2.37384 149.95 1.67948 14.8997 
-26.9555 -0.490095 17198.5 0.249597 -0.292782 66.8663 132.664 211 503373 1 1 1 0 0 0 0 0 0 118.215 16979.1 0 0 0 3.50115 -8.30352 149.95 1.58215 15.1912 
-12.6351 -0.814181 17198.5 3.80137 0.079554 62.7033 139.897 211 503588 1 1 1 0 0 0 0 0 0 126.358 17049.8 0 0 0 13.0635 -0.103321 149.95 1.33016 13.4853 
12.6861 -7.97524 17198.5 -2.77416 2.70514 61.7828 141.846 211 505671 1 1 1 0 0 0 0 0 0 128.154 17040.4 0 0 0 21.0215 -5.22845 149.95 1.65231 13.1124 
-8.16421 -41.8299 17198.5 -0.884852 2.39195 64.768 136.049 211 507001 1 1 1 0 0 0 0 0 0 121.982 16983.2 0 0 0 -1.7181 -5.16474 149.95 1.55528 14.3169 
-12.0931 16.1985 17198.5 2.71771 -2.72785 63.7338 137.822 211 507276 1 1 1 0 0 0 0 0 0 123.946 16999 0 0 0 9.86758 -2.50065 149.95 1.52129 13.9116 
-2.96874 -5.84528 17198.5 -0.832712 0.410972 63.3076 138.774 211 508779 1 1 1 0 0 0 0 0 0 124.889 16984.6 0 0 0 -0.788674 -0.745895 149.95 1.63535 13.6896 
-8.30322 -56.3659 17198.5 1.31956 4.64955 65.0366 135.416 211 510342 1 1 1 0 0 0 0 0 0 121.347 16998.5 0 0 0 -4.13918 -5.3952 149.95 1.47569 14.4849 
28.1099 -6.94797 17198.5 -0.552721 0.551017 67.1957 132.387 211 513520 1 1 1 0 0 0 0 0 0 117.7 16989.3 0 0 0 13.3276 0.949271 149.95 1.75493 15.3353 
-45.2548 -8.92709 17198.5 2.0479 0.763398 67.5086 131.593 211 520725 1 1 1 0 0 0 0 0 0 117.061 16983.5 0 0 0 11.8998 2.22887 149.95 1.54462 15.4847 
-30.226 -39.0613 17198.5 1.56983 2.79176 68.3461 130.118 211 526201 1 1 1 0 0 0 0 0 0 115.607 16990.3 0 0 0 -0.457424 7.22223 149.95 1.36755 15.8688 
29.7723 38.2778 17198.5 -1.24855 -1.61884 68.0247 131.345 211 529353 1 1 1 0 0 0 0 0 0 116.434 17020.5 0 0 0 7.00068 7.45701 149.95 1.80682 15.7082 
54.4711 7.88958 17198.5 -1.88516 -1.04437 68.9174 129.675 211 531454 1 1 1 0 0 0 0 0 0 115.09 17045.4 0 0 0 -12.001 2.60902 149.95 1.30588 16.1028 
-30.4513 12.0384 17198.5 0.0308704 -0.11855 62.4597 140.538 211 541268 1 1 1 0 0 0 0 0 0 126.899 17025 0 0 0 -15.257 -2.26113 149.95 1.51176 13.3385 
-30.4433 -2.80039 17198.5 2.09323 2.06519 64.8305 136.169 211 542700 1 1 1 0 0 0 0 0 0 121.745 16970.9 0 0 0 28.4625 7.90657 149.95 1.90722 14.3502 
30.1387 2.19646 17198.5 -1.85235 -2.05362 63.2946 138.981 211 544802 1 1 1 0 0 0 0 0 0 125.059 17018.6 0 0 0 30.0931 -4.59593 149.95 1.64027 13.7064 
20.548 -4.48084 17198.5 1.45644 0.110596 64.028 137.835 211 546957 1 1 1 0 0 0 0 0 0 124.003 17058.6 0 0 0 37.6025 1.7459 149.95 1.39956 13.9927 
48.3584 23.8616 17198.5 -1.92617 1.00708 70.5315 127.179 211 547462 1 1 1 0 0 0 0 0 0 112.201 17006.5 0 0 0 -0.794157 -9.42675 149.95 1.45313 16.8244 
-8.39567 5.64097 17198.5 0.23377 0.350474 67.1036 132.506 211 548208 1 1 1 0 0 0 0 0 0 117.823 16982.9 0 0 0 17.7672 11.4695 149.95 1.7725 15.294 
-7.72389 -34.2934 17198.5 0.34727 2.54843 65.0033 135.9 211 548835 1 1 1 0 0 0 0 0 0 121.549 16984.5 0 0 0 18.9252 8.15715 149.95 1.79582 14.4164 
-10.5331 0.615496 17198.5 2.6335 -0.0416664 60.2464 145.252 211 549055 1 1 1 0 0 0 0 0 0 132.056 17105.4 0 0 0 -12.9746 -1.58847 149.95 1.39616 12.4706 
-17.5823 -49.9359 17198.5 1.05804 2.84615 67.3609 131.658 211 549840 1 1 1 0 0 0 0 0 0 117.273 16985.4 0 0 0 3.23311 0.95161 149.95 1.41603 15.4348 
6.77664 -5.33727 17198.5 2.36225 0.612625 64.8902 136.44 211 550325 1 1 1 0 0 0 0 0 0 122.458 17080.6 0 0 0 38.76 -5.92495 149.95 1.37676 14.3666 
-28.1729 -36.1536 17198.5 -3.56376 4.54805 64.0096 137.344 211 552211 1 1 1 0 0 0 0 0 0 123.217 17010 0 0 0 -5.48781 -3.74505 149.95 1.69122 14.0868 
-21.2581 19.4475 17198.5 2.26096 -1.89143 65.0671 135.534 211 555019 1 1 1 0 0 0 0 0 0 121.364 16979.5 0 0 0 19.3725 -1.05988 149.95 1.60524 14.4501 
-4.91601 -79.9827 17198.5 -2.2446 4.95125 67.1048 132.469 211 555116 1 1 1 0 0 0 0 0 0 117.737 17026.1 0 0 0 33.9663 -11.1012 149.95 1.75019 15.3893 
33.5223 -0.0629829 17198.5 0.489485 0.0332427 63.0316 139.607 211 556857 1 1 1 0 0 0 0 0 0 125.976 17056.4 0 0 0 28.5761 -0.187196 149.95 1.37885 13.5737 
-30.1603 8.23863 17198.5 1.29063 -0.320687 64.021 137.461 211 557681 1 1 1 0 0 0 0 0 0 123.515 16988.8 0 0 0 6.58589 5.28949 149.95 1.56703 13.9886 
-3.69101 64.514 17198.5 -0.750988 -3.62738 66.4758 133.519 211 558523 1 1 1 0 0 0 0 0 0 118.881 17001.2 0 0 0 8.49948 9.43393 149.95 1.80418 15.0668 
11.5179 -29.3644 17198.5 -0.33274 3.90389 61.6759 142.116 211 559733 1 1 1 0 0 0 0 0 0 128.518 17060.1 0 0 0 18.0257 -4.44024 149.95 1.56288 13.0703 
15.2719 14.6687 17198.5 -1.06858 -1.56965 61.7143 142.086 211 560656 1 1 1 0 0 0 0 0 0 128.353 17022.5 0 0 0 13.7983 2.41402 149.95 1.73438 13.0473 
2.96047 -47.2222 17198.5 -2.2183 4.92402 65.7622 134.55 211 563645 1 1 1 0 0 0 0 0 0 120.069 17017.4 0 0 0 27.9334 -10.9286 149.95 1.73883 14.8114 
42.3984 -1.29591 17198.5 -2.24099 -1.24362 63.9719 137.749 211 565332 1 1 1 0 0 0 0 0 0 123.628 17001.3 0 0 0 38.3851 -2.47306 149.95 1.73479 13.9837 
2.63371 -15.2322 17198.5 -2.64777 1.89444 63.1278 139.192 211 568053 1 1 1 0 0 0 0 0 0 125.171 16995.4 0 0 0 -1.07752 -1.52723 149.95 1.78133 13.6472 
-26.2031 -17.1562 17198.5 2.40263 3.17654 64.8657 135.656 211 572517 1 1 1 0 0 0 0 0 0 121.681 16985.7 0 0 0 3.44136 2.30505 149.95 1.43118 14.3884 
35.2234 -51.1781 17198.5 -0.771196 2.59343 67.3297 132.406 211 578108 1 1 1 0 0 0 0 0 0 117.545 17013.4 0 0 0 49.973 3.07296 149.95 1.87832 15.4152 
24.8765 42.8978 17198.5 0.919557 -1.4471 66.7982 133.195 211 589259 1 1 1 0 0 0 0 0 0 118.496 17007.4 0 0 0 57.1723 0.459237 149.95 1.81896 15.1708 
-4.23048 30.0453 17198.5 -1.33497 -1.91587 64.4115 136.601 211 589564 1 1 1 0 0 0 0 0 0 122.67 16983 0 0 0 -7.12403 3.02338 149.95 1.48217 14.1638 
4.668 33.1067 17198.5 -0.0456821 -0.794592 69.1797 129.155 211 594572 1 1 1 0 0 0 0 0 0 114.594 17029.4 0 0 0 -10.737 4.41504 149.95 1.25477 16.2063 
-17.5442 -19.2845 17198.5 2.56789 2.57561 63.6961 137.897 211 595488 1 1 1 0 0 0 0 0 0 124.07 17002.6 0 0 0 2.54786 -4.85442 149.95 1.47805 13.8907 
36.4163 -7.38443 17198.5 -0.33183 0.0723213 68.6061 130.306 211 597696 1 1 1 0 0 0 0 0 0 115.52 17023.8 0 0 0 3.82564 -0.0439967 149.95 1.58358 15.9507 
27.1371 -9.52441 17198.5 -1.56463 0.280145 66.5875 133.221 211 602317 1 1 1 0 0 0 0 0 0 118.77 16992.3 0 0 0 -1.95933 -3.21625 149.95 1.61913 15.0787 
-6.49156 21.2138 17198.5 -0.0372391 -1.28211 63.078 139.309 211 603567 1 1 1 0 0 0 0 0 0 125.385 16991.9 0 0 0 8.15595 4.16645 149.95 1.70851 13.5974 
24.9556 -3.14696 17198.5 0.282471 0.635511 63.0084 139.541 211 607481 1 1 1 0 0 0 0 0 0 125.835 17031.6 0 0 0 25.7794 3.31773 149.95 1.47589 13.565 
-9.83791 24.6429 17198.5 1.35428 -2.12116 63.6007 138.175 211 607864 1 1 1 0 0 0 0 0 0 124.293 16993.2 0 0 0 16.4468 -3.02537 149.95 1.5671 13.8287 
-54.4094 42.8704 17198.5 1.10323 0.0227628 69.6515 128.079 211 608227 1 1 1 0 0 0 0 0 0 113.243 16944.3 0 0 0 39.0342 12.2508 149.95 1.51499 16.4182 
-19.7355 37.9625 17198.5 0.603601 -1.83583 68.2164 130.437 211 610652 1 1 1 0 0 0 0 0 0 115.871 16985 0 0 0 5.2354 -1.69541 149.95 1.45711 15.7909 
-32.2862 -12.7292 17198.5 2.64991 1.76524 67.0841 132.26 211 611481 1 1 1 0 0 0 0 0 0 117.71 16980.5 0 0 0 29.1175 2.13134 149.95 1.63183 15.3177 
8.06804 -12.5526 17198.5 0.844787 1.10355 62.0057 141.42 211 611531 1 1 1 0 0 0 0 0 0 127.913 17040.6 0 0 0 14.4819 -1.92703 149.95 1.44619 13.1599 
-31.3568 2.14364 17198.5 2.46269 -0.541173 63.6558 137.963 211 620103 1 1 1 0 0 0 0 0 0 124.199 16995.2 0 0 0 6.24293 -2.28453 149.95 1.4374 13.8516 
16.8523 -15.6161 17198.5 -3.13376 2.52339 65.1329 135.591 211 622933 1 1004 1 0 0 0 0 0 0 121.221 16991.6 0 0 0 10.1753 -7.78297 149.95 1.77501 14.5023 
2.02525 -7.51243 17198.5 -0.0736518 0.803381 63.3248 139.002 211 625807 1 1 1 0 0 0 0 0 0 124.921 16993.1 0 0 0 16.5227 5.17145 149.95 1.82306 13.696 
18.0796 3.02198 17198.5 -2.78074 -2.31028 62.7316 140.053 211 626277 1 1 1 0 0 0 0 0 0 126.018 17008.5 0 0 0 24.839 -4.75144 149.95 1.85253 13.4924 
-7.63172 -46.4732 17198.5 0.532433 0.803115 69.9397 128.17 211 628556 1 1 1 0 0 0 0 0 0 113.445 17044.2 0 0 0 -6.71826 -3.88662 149.95 1.27628 16.5462 
5.66622 24.0366 17198.5 -1.215 -1.08923 65.8019 134.174 211 630200 1 1 1 0 0 0 0 0 0 120.097 16979.7 0 0 0 -6.85057 3.73744 149.95 1.3924 14.7425 
37.7269 2.82428 17198.5 -0.407306 -0.724753 63.5514 138.544 211 631524 1 1 1 0 0 0 0 0 0 124.682 17021.4 0 0 0 34.6111 -0.375004 149.95 1.54255 13.7899 
-15.3314 4.84868 17198.5 2.77295 -1.78116 61.8152 141.628 211 631854 1 1 1 0 0 0 0 0 0 128.177 17043.2 0 0 0 -4.32959 0.654139 149.95 1.40914 13.1119 
25.9043 12.9146 17198.5 -1.2973 -0.50614 67.3148 131.875 211 635974 1 1 1 0 0 0 0 0 0 117.56 17001.7 0 0 0 -11.0119 1.97811 149.95 1.35045 15.3913 
-23.6502 39.2919 17198.5 0.979603 -1.21903 69.9185 128.393 211 636741 1 1 1 0 0 0 0 0 0 113.386 17032.9 0 0 0 5.68879 8.32508 149.95 1.56857 16.5416 
-1.17205 0.674666 17198.5 -0.445886 -0.102239 63.5304 138.409 211 637092 1 1 1 0 0 0 0 0 0 124.42 16979 0 0 0 7.22964 -1.50437 149.95 1.70432 13.7796 
29.0435 27.7832 17198.5 -0.609562 -1.40572 64.5462 136.858 211 639699 1 1 1 0 0 0 0 0 0 122.647 17009 0 0 0 31.824 7.63996 149.95 1.72353 14.2102 
3.35661 92.3955 17198.5 -0.436035 -3.40432 69.5094 129.027 211 641440 1 1 1 0 0 0 0 0 0 113.988 17039.6 0 0 0 6.65507 7.03426 149.95 1.65511 16.3887 
28.7337 15.6746 17198.5 0.409031 -0.618311 63.4118 138.91 211 645497 1 1 1 0 0 0 0 0 0 125.125 17044 0 0 0 28.1489 3.99349 149.95 1.47486 13.7316 
-12.328 -5.11696 17198.5 1.07292 0.0916387 67.8639 131.371 211 647198 1 1 1 0 0 0 0 0 0 116.555 16992.3 0 0 0 30.1935 -3.522 149.95 1.76458 15.6281 
-21.2311 -48.011 17198.5 1.36233 2.91556 67.7344 131.004 211 648179 1 1 1 0 0 0 0 0 0 116.637 16988.9 0 0 0 -1.3444 3.47508 149.95 1.32904 15.6012 
2.22162 -3.43775 17198.5 1.21261 0.316815 62.8765 139.703 211 648829 1 1 1 0 0 0 0 0 0 126.016 17022.6 0 0 0 21.4576 0.531167 149.95 1.48579 13.5143 
50.9761 -22.8613 17198.5 -1.68636 0.943466 66.5774 133.456 211 649762 1 1 1 0 0 0 0 0 0 118.762 16990.8 0 0 0 39.4187 0.0846036 149.95 1.86397 15.0782 
20.8236 53.0086 17198.5 0.413277 -2.23795 65.8638 134.547 211 654139 1 1 1 0 0 0 0 0 0 120.196 17014.7 0 0 0 39.3126 10.3058 149.95 1.62553 14.777 
19.6088 60.9725 17198.5 -1.78603 -2.51527 69.0035 129.584 211 657074 1 1 1 0 0 0 0 0 0 114.678 17014.3 0 0 0 9.5527 7.66091 149.95 1.6302 16.1566 
3.36304 30.0474 17198.5 -0.089984 -2.86361 63.3757 138.809 211 657250 1 1 1 0 0 0 0 0 0 124.734 16997.3 0 0 0 20.5441 -3.40601 149.95 1.79357 13.7417 
6.31156 21.2304 17198.5 3.0976 -3.80648 62.6655 139.789 211 657294 1 1 1 0 0 0 0 0 0 126.091 17024.3 0 0 0 4.22239 4.50654 149.95 1.49982 13.5013 
-2.15275 3.34097 17198.5 -0.230165 1.11666 70.0032 127.742 211 657390 1 1 1 0 0 0 0 0 0 112.95 16986 0 0 0 0.994411 5.94558 149.95 1.37727 16.5759 
1.22129 -5.42907 17198.5 -1.16125 0.377544 63.9539 137.523 211 658917 1 1 1 0 0 0 0 0 0 123.579 16979.2 0 0 0 -3.33093 -0.536788 149.95 1.58385 13.9597 
4.81169 -78.2875 17198.5 1.561 4.75893 68.0631 130.808 211 662828 1 1 1 0 0 0 0 0 0 116.115 17021.6 0 0 0 15.221 -11.6806 149.95 1.55529 15.7923 
-9.93978 3.06833 17198.5 -0.641522 -0.199204 63.4704 138.432 211 663470 1 1 1 0 0 0 0 0 0 124.573 16984.2 0 0 0 -4.12147 0.348276 149.95 1.58164 13.7555 
-2.75987 3.00695 17198.5 2.46509 -0.155796 65.462 135.335 211 664666 1 1 1 0 0 0 0 0 0 121.073 17036.2 0 0 0 52.2111 0.904683 149.95 1.58922 14.609 
-6.61233 -73.5443 17198.5 0.142966 1.22704 71.0132 126.344 211 665005 1 1 1 0 0 0 0 0 0 111.46 17004 0 0 0 2.13278 -3.45196 149.95 1.2821 17.032 
-23.0085 -9.9735 17198.5 3.26709 2.04518 65.1703 135.337 211 666736 1 1 1 0 0 0 0 0 0 121.148 16988.4 0 0 0 24.387 0.0293461 149.95 1.59042 14.5137 
-19.3297 -9.18968 17198.5 0.792899 0.974182 61.9705 141.468 211 667650 1 1 1 0 0 0 0 0 0 127.846 17021.2 0 0 0 -3.44049 -1.43824 149.95 1.58204 13.1445 
-10.2967 14.903 17198.5 2.78981 -2.8915 64.0085 137.512 211 669036 1 1 1 0 0 0 0 0 0 123.451 17006.5 0 0 0 14.5154 -6.24234 149.95 1.65073 14.0302 
0.044419 -28.3247 17198.5 2.84953 4.88174 66.137 133.477 211 670541 1 1 1 0 0 0 0 0 0 119.141 16986.9 0 0 0 13.3076 1.55412 149.95 1.54798 14.9804 
-10.2622 11.92 17198.5 -3.45625 -3.76934 61.8363 141.727 211 671767 1 1 1 0 0 0 0 0 0 127.749 17025.9 0 0 0 16.0318 4.0315 149.95 1.92228 13.1705 
-29.7032 -2.58369 17198.5 1.3552 0.0468879 71.0586 126.774 211 672323 1 1 1 0 0 0 0 0 0 111.908 17083.8 0 0 0 -8.94116 -1.19187 149.95 1.19265 17.0536 
-8.83025 15.0616 17198.5 0.953395 -0.997401 66.5053 133.32 211 674115 1 1 1 0 0 0 0 0 0 118.798 16974 0 0 0 32.6222 0.376495 149.95 1.7196 15.0413 
22.7296 -1.1512 17198.5 -1.8091 0.624676 60.271 145.283 211 675112 1 1 1 0 0 0 0 0 0 131.933 17088.7 0 0 0 6.5772 -1.11204 149.95 1.56242 12.4696 
6.42548 -20.9284 17198.5 -0.530098 1.51753 68.4443 130.194 211 675922 1 1 1 0 0 0 0 0 0 115.479 16982 0 0 0 5.74136 6.32518 149.95 1.56953 15.8874 
3.40939 -76.3814 17198.5 -2.19485 3.4769 69.5859 128.592 211 676450 1 1 1 0 0 0 0 0 0 113.682 17021.4 0 0 0 3.99948 -3.27225 149.95 1.52045 16.4392 
3.83269 -93.9473 17198.5 1.91482 3.81335 67.6697 131.174 211 677247 1 1 1 0 0 0 0 0 0 116.837 17016.3 0 0 0 -5.04292 -7.89904 149.95 1.27923 15.5982 
-9.57503 40.0564 17198.5 4.24366 -2.40511 66.552 132.945 211 684738 1 1 1 0 0 0 0 0 0 118.524 16988.7 0 0 0 33.3306 -0.889566 149.95 1.57063 15.1321 
25.2178 -72.8669 17198.5 -1.04049 2.54296 70.6014 127.413 211 685690 1 1 1 0 0 0 0 0 0 112.61 17090.2 0 0 0 -12.6495 2.34916 149.95 1.19563 16.8649 
57.3086 -43.8268 17198.5 -2.12029 1.4322 70.9422 126.443 211 689815 1 1 1 0 0 0 0 0 0 111.307 16972.2 0 0 0 28.9989 -2.01788 149.95 1.56556 17.0158 
0.509326 -48.3341 17198.5 -0.186007 2.71414 66.6031 133.09 211 691274 1 1 1 0 0 0 0 0 0 118.574 16977.5 0 0 0 14.8219 3.42227 149.95 1.68674 15.1011 
-22.6339 8.82347 17198.5 1.59762 -0.706476 66.6689 133.07 211 693638 1 1 1 0 0 0 0 0 0 118.518 16977.9 0 0 0 31.8732 -0.346908 149.95 1.71741 15.1154 
14.1206 -9.91343 17198.5 0.0835175 1.13873 63.4454 138.775 211 694824 1 1 1 0 0 0 0 0 0 124.787 17008.6 0 0 0 24.0118 6.85114 149.95 1.69574 13.748 
-16.7987 65.9296 17198.5 -0.511807 -5.70661 64.9822 135.431 211 696389 1 1 1 0 0 0 0 0 0 121.407 17011.8 0 0 0 -9.45 6.48807 149.95 1.41695 14.4927 
16.3045 32.3761 17198.5 1.69028 -3.63392 62.3043 140.807 211 703815 1 1 1 0 0 0 0 0 0 127.308 17072.5 0 0 0 14.0891 1.81122 149.95 1.34214 13.3276 
-39.6657 28.5204 17198.5 1.42869 -1.23751 67.3439 131.895 211 704351 1 1 1 0 0 0 0 0 0 117.41 16990.4 0 0 0 3.91935 9.18869 149.95 1.52221 15.4092 
2.56734 -19.9353 17198.5 2.08245 2.29995 63.5801 138.292 211 705039 1 1 1 0 0 0 0 0 0 124.538 17028.2 0 0 0 24.9267 0.264444 149.95 1.41241 13.8309 
-33.0736 -41.632 17198.5 0.955158 0.696669 69.7472 128.43 211 705471 1 1 1 0 0 0 0 0 0 113.599 17021.2 0 0 0 0.36798 -5.93712 149.95 1.4326 16.4616 
-26.6871 6.89581 17198.5 1.5032 -0.453055 69.9912 128.455 211 708967 1 1 1 0 0 0 0 0 0 113.346 17044.6 0 0 0 23.893 12.0456 149.95 1.64855 16.5742 
4.05556 62.4191 17198.5 0.158185 -2.54704 68.2591 130.896 211 718074 1 1 1 0 0 0 0 0 0 115.986 17017.6 0 0 0 14.2659 9.8031 149.95 1.76404 15.8185 
7.88742 8.72798 17198.5 -2.83305 -1.00058 64.1819 136.96 211 719104 1 1 1 0 0 0 0 0 0 123.134 16993.9 0 0 0 -13.4809 -0.229078 149.95 1.40496 14.0794 
-46.2086 5.77422 17198.5 0.741555 0.96084 70.1758 127.557 211 719669 1 1 1 0 0 0 0 0 0 112.724 16994.1 0 0 0 1.21871 10.2009 149.95 1.38202 16.6539 
-1.50599 6.2213 17198.5 0.171585 -0.478525 62.7285 139.921 211 721692 1 1 1 0 0 0 0 0 0 126.136 16996 0 0 0 12.4354 -0.122594 149.95 1.62967 13.4493 
50.2196 -45.7682 17198.5 -0.937249 1.7659 70.0224 128.614 211 723901 1 1 1 0 0 0 0 0 0 113.58 17090 0 0 0 -1.02863 -1.64266 149.95 1.53156 16.5931 
4.66655 34.9411 17198.5 -0.729462 -1.12322 67.4676 131.616 211 724806 1 1 1 0 0 0 0 0 0 117.265 16997.2 0 0 0 -8.81507 3.60619 149.95 1.36389 15.4573 
7.36284 26.1374 17198.5 -0.539996 -1.7564 66.1103 134.087 211 724946 1 1 1 0 0 0 0 0 0 119.517 16978.3 0 0 0 17.4107 -9.46381 149.95 1.83097 14.8765 
-1.61373 -81.3993 17198.5 -0.427137 4.59396 68.28 130.581 211 732320 1 1 1 0 0 0 0 0 0 115.782 17019.7 0 0 0 11.0791 -12.0663 149.95 1.6301 15.8753 
19.6917 -33.224 17198.5 -1.14049 3.20328 63.5572 138.566 211 732779 1 1 1 0 0 0 0 0 0 124.624 17037.9 0 0 0 28.5606 -8.16627 149.95 1.59481 13.8277 
-6.2928 52.8425 17198.5 2.21428 -4.11245 67.1934 131.767 211 734283 1 1 1 0 0 0 0 0 0 117.441 16991.1 0 0 0 0.324385 -1.12881 149.95 1.36534 15.4027 
9.81179 -17.3818 17198.5 -2.61819 1.66193 64.9225 135.717 211 734617 1 1 1 0 0 0 0 0 0 121.681 16987.9 0 0 0 -9.1944 -2.1852 149.95 1.48914 14.3921 
-1.41529 -10.7046 17198.5 0.239855 0.665899 62.4056 140.623 211 734716 1 1 1 0 0 0 0 0 0 126.863 17006.6 0 0 0 10.8945 -2.01283 149.95 1.65437 13.318 
-6.39252 -0.854863 17198.5 2.01133 0.14538 61.0429 143.401 211 737765 1 1 1 0 0 0 0 0 0 130.139 17073 0 0 0 -0.981026 -0.034572 149.95 1.34686 12.7785 
-16.6853 38.8574 17198.5 0.87461 -1.99421 66.9911 132.436 211 737977 1 1 1 0 0 0 0 0 0 117.929 16978.4 0 0 0 13.2317 0.294954 149.95 1.61235 15.26 
-17.4746 26.6127 17198.5 2.06382 -2.52865 64.7579 135.991 211 738655 1 1 1 0 0 0 0 0 0 121.922 16980.6 0 0 0 11.4441 -0.393001 149.95 1.55515 14.3261 
33.7749 33.7404 17198.5 -1.04168 -1.22684 68.3387 130.861 211 742157 1 1 1 0 0 0 0 0 0 115.952 17025.3 0 0 0 3.43465 6.55213 149.95 1.74906 15.8409 
-43.4272 1.77897 17198.5 1.76279 0.793215 67.6624 131.459 211 742554 1 1 1 0 0 0 0 0 0 116.848 16989.2 0 0 0 17.9813 10.0786 149.95 1.59438 15.5484 
8.85997 28.735 17198.5 0.0304072 -3.14421 61.5208 142.426 211 747527 1 1 1 0 0 0 0 0 0 128.869 17051.6 0 0 0 10.2887 1.41239 149.95 1.56312 12.9898 
-35.7175 -67.1536 17198.5 0.117272 0.549821 71.4023 125.732 211 747631 1 1 1 0 0 0 0 0 0 110.625 16967.2 0 0 0 21.7548 -12.3698 149.95 1.47004 17.205 
40.0425 -0.410982 17198.5 -2.31179 0.00232707 66.7592 132.904 211 749018 1 1 1 0 0 0 0 0 0 118.522 17005.9 0 0 0 -6.65752 -0.133106 149.95 1.50711 15.1618 
49.4102 0.911871 17198.5 -0.593058 -0.0314582 65.3888 135.452 211 750167 1 1 1 0 0 0 0 0 0 121.034 17000.3 0 0 0 49.912 0.0512594 149.95 1.79262 14.5593 
13.3971 31.1264 17198.5 0.0522992 -0.443692 69.3592 129.012 211 753325 1 1 1 0 0 0 0 0 0 114.346 17035.8 0 0 0 -6.70746 3.11817 149.95 1.32497 16.2847 
-0.751148 47.022 17198.5 -2.62754 -3.37765 66.7975 132.672 211 753403 1 1 1 0 0 0 0 0 0 118.305 17009.1 0 0 0 -6.4368 3.95268 149.95 1.46622 15.2202 
-15.3568 68.4997 17198.5 0.0646082 -4.77914 65.931 133.88 211 755414 1 1 1 0 0 0 0 0 0 119.731 17000.5 0 0 0 -8.89183 3.75717 149.95 1.39892 14.8629 
16.7089 -7.39883 17198.5 -1.80285 0.465285 64.2652 137.099 211 757571 1 1 1 0 0 0 0 0 0 122.946 16978.6 0 0 0 4.87065 -3.20828 149.95 1.73605 14.0961 
-27.6291 43.5796 17198.5 1.13818 -1.59093 68.3164 130.596 211 758458 1 1 1 0 0 0 0 0 0 115.842 17005.9 0 0 0 5.39504 10.3126 149.95 1.6103 15.8351 
17.9775 16.2365 17198.5 1.05784 -0.925187 65.9166 134.538 211 759281 1 1 1 0 0 0 0 0 0 120.244 17028.9 0 0 0 42.0487 6.33616 149.95 1.55288 14.7892 
-15.7488 -11.5717 17198.5 2.59566 1.43973 64.3548 136.814 211 760323 1 1 1 0 0 0 0 0 0 122.827 16996.7 0 0 0 26.2303 1.1432 149.95 1.53352 14.151 
-38.1411 -44.5984 17198.5 1.97571 2.8938 70.3295 127.752 211 761468 1 1 1 0 0 0 0 0 0 112.74 17052.3 0 0 0 3.71801 -8.46863 149.95 1.47591 16.7575 
-8.19475 6.15974 17198.5 -1.28905 0.124864 61.9857 141.693 211 762660 1 1 1 0 0 0 0 0 0 127.832 17023.6 0 0 0 -10.0841 -2.47403 149.95 1.81643 13.1509 
-2.61305 15.6204 17198.5 4.14963 -1.86 64.9124 136.076 211 766279 1 1 1 0 0 0 0 0 0 122.112 17067.8 0 0 0 32.0677 4.627 149.95 1.34391 14.4238 
5.70043 37.2143 17198.5 -1.43771 -3.04006 65.3463 135.218 211 766543 1 1 1 0 0 0 0 0 0 120.813 16980.1 0 0 0 16.3168 -5.89246 149.95 1.78646 14.5768 
20.2286 -7.28661 17198.5 -1.04501 0.567336 66.5838 133.238 211 767187 1 1 1 0 0 0 0 0 0 118.742 16985.3 0 0 0 1.81214 4.61644 149.95 1.67127 15.0735 
32.325 3.04396 17198.5 -1.23885 -0.0962053 66.999 132.623 211 767993 1 1 1 0 0 0 0 0 0 118.085 16996.7 0 0 0 0.593256 1.67582 149.95 1.63286 15.2531 
7.13561 -29.3254 17198.5 -0.809932 1.67947 65.3239 135.248 211 771596 1 1 1 0 0 0 0 0 0 120.928 16974.8 0 0 0 8.7771 1.70744 149.95 1.72032 14.5419 
-21.8403 -5.71002 17198.5 0.0276574 0.491685 66.9256 132.591 211 775157 1 1 1 0 0 0 0 0 0 118.107 16978.9 0 0 0 1.33173 7.15091 149.95 1.60653 15.2172 
-21.1608 48.9567 17198.5 0.928983 -2.63037 68.3633 130.126 211 775761 1 1 1 0 0 0 0 0 0 115.595 16988.3 0 0 0 1.00345 -0.800044 149.95 1.38855 15.8684 
38.8214 -37.3454 17198.5 -0.744893 1.07954 68.9416 129.983 211 776059 1 1 1 0 0 0 0 0 0 115.047 17039.7 0 0 0 3.16511 -5.95046 149.95 1.66146 16.1042 
-5.77762 44.1867 17198.5 2.53622 -2.62583 67.4132 131.996 211 782075 1 1 1 0 0 0 0 0 0 117.381 17021.9 0 0 0 30.8741 12.6723 149.95 1.60371 15.4708 
13.3615 -48.2241 17198.5 1.84597 4.13712 64.9468 135.845 211 784796 1 1 1 0 0 0 0 0 0 121.847 17039.4 0 0 0 25.6916 -6.32753 149.95 1.39427 14.4378 
-12.6607 54.0953 17198.5 -0.934747 -3.57492 64.9286 135.726 211 788893 1 1 1 0 0 0 0 0 0 121.632 16990.9 0 0 0 -3.72852 4.75122 149.95 1.53754 14.4078 
33.2687 -2.50384 17198.5 -1.51747 0.665005 61.4363 142.744 211 789739 1 1 1 0 0 0 0 0 0 129.301 17069.2 0 0 0 17.2915 -0.989261 149.95 1.46284 12.9323 
17.2356 19.0624 17198.5 -0.517021 -1.91004 61.5889 142.316 211 793428 1 1 1 0 0 0 0 0 0 128.768 17043.7 0 0 0 13.8004 0.815636 149.95 1.55563 12.9976 
64.7429 0.617883 17198.5 -0.963248 0.103981 69.55 129.097 211 795359 1 1 1 0 0 0 0 0 0 114.259 17071 0 0 0 -5.29041 -2.58832 149.95 1.43442 16.3721 
78.8885 -17.0532 17198.5 -0.349434 3.3097 67.1593 132.536 211 796390 1 1 1 0 0 0 0 0 0 117.837 17019.5 0 0 0 -0.597613 -4.26429 149.95 1.73707 15.3533 
39.9284 -16.0051 17198.5 -1.36661 1.95399 65.1158 135.839 211 800025 1 1 1 0 0 0 0 0 0 121.635 17024 0 0 0 36.572 -8.5744 149.95 1.60199 14.4609 
1.3968 -37.1274 17198.5 0.508706 1.67346 68.6266 129.996 211 802731 1 1 1 0 0 0 0 0 0 115.327 17005.7 0 0 0 20.3818 -12.0891 149.95 1.47307 15.9692 
-21.6641 18.3841 17198.5 -1.13201 -1.0074 62.012 141.642 211 805361 1 1 1 0 0 0 0 0 0 127.894 17040.6 0 0 0 -20.7812 -2.34045 149.95 1.68504 13.1637 
-35.6234 -18.3018 17198.5 1.44462 1.09714 68.0067 130.84 211 806762 1 1 1 0 0 0 0 0 0 116.248 16987.1 0 0 0 9.84606 0.578087 149.95 1.51786 15.6975 
-1.1695 49.4426 17198.5 2.00673 -3.99892 65.903 134.01 211 806844 1 1 1 0 0 0 0 0 0 119.695 16982.7 0 0 0 16.8549 -2.26645 149.95 1.58729 14.8418 
-0.262513 41.786 17198.5 2.52386 -4.38304 65.4433 134.634 211 809206 1 1 1 0 0 0 0 0 0 120.486 16987.2 0 0 0 5.07869 -0.503879 149.95 1.48872 14.6642 
14.7244 -8.97732 17198.5 0.878536 0.785153 62.1622 141.158 211 812251 1 1 1 0 0 0 0 0 0 127.685 17051.9 0 0 0 17.1518 -1.4627 149.95 1.37704 13.2217 
53.3844 36.1272 17198.5 -0.880459 -0.768511 70.0582 128.275 211 812318 1 1 1 0 0 0 0 0 0 113.463 17076.6 0 0 0 -10.0116 -2.66851 149.95 1.31667 16.6007 
3.98283 60.8509 17198.5 0.564833 -3.04975 67.8325 131.185 211 813758 1 1 1 0 0 0 0 0 0 116.621 17009.7 0 0 0 21.943 12.5534 149.95 1.49405 15.6416 
-19.1867 16.6287 17198.5 3.10304 -1.52053 65.3019 135.327 211 815525 1 1 1 0 0 0 0 0 0 121.172 17020.2 0 0 0 25.968 8.46261 149.95 1.51382 14.56 
-7.19799 -28.7088 17198.5 0.0367225 2.12812 66.4273 133.402 211 815532 1 1 1 0 0 0 0 0 0 118.796 16958.9 0 0 0 24.3086 3.05778 149.95 1.82514 15.0162 
-9.9748 -77.9559 17198.5 0.731552 2.35546 70.1306 127.929 211 816812 1 1 1 0 0 0 0 0 0 113 17032.7 0 0 0 0.752455 -4.89168 149.95 1.45031 16.6483 
-5.97395 4.06147 17198.5 1.2686 -0.412914 62.4269 140.514 211 817601 1 1 1 0 0 0 0 0 0 126.904 17020.5 0 0 0 13.7408 0.12513 149.95 1.48887 13.3309 
9.3293 90.3517 17198.5 -0.186455 -3.49084 69.6863 128.779 211 818961 1 1 1 0 0 0 0 0 0 113.795 17054.8 0 0 0 3.32417 6.61282 149.95 1.55656 16.4691 
-19.3335 59.673 17198.5 -1.61911 -4.85569 64.7644 135.942 211 822569 1 1 1 0 0 0 0 0 0 121.836 17001.7 0 0 0 -6.42568 4.04911 149.95 1.55415 14.3794 
-16.401 -7.30596 17198.5 2.86161 0.540721 63.5571 138.435 211 822735 1 1 1 0 0 0 0 0 0 124.619 17030.7 0 0 0 18.1523 -6.14712 149.95 1.47778 13.8177 
4.39002 -61.703 17198.5 0.412533 1.37257 69.7675 128.44 211 826048 1 1 1 0 0 0 0 0 0 113.654 17035.6 0 0 0 0.26608 -1.14645 149.95 1.3714 16.4728 
29.9669 -0.108861 17198.5 -2.34412 0.152379 61.0403 143.529 211 828490 1 1 1 0 0 0 0 0 0 130.107 17071.3 0 0 0 15.7562 -0.121724 149.95 1.50626 12.7823 
32.672 -0.966857 17198.5 -2.80445 -0.132344 65.0352 135.921 211 830772 1 1 1 0 0 0 0 0 0 121.497 16988.1 0 0 0 7.31201 -3.31408 149.95 1.85869 14.434 
-29.7669 22.6365 17198.5 0.410714 0.916983 68.6129 129.673 211 831402 1 1 1 0 0 0 0 0 0 114.852 16928.5 0 0 0 42.4866 4.7039 149.95 1.69023 15.9566 
-22.6934 19.4488 17198.5 1.88925 -1.97595 64.0308 137.252 211 832654 1 1 1 0 0 0 0 0 0 123.387 16985.7 0 0 0 6.0482 1.83967 149.95 1.47829 14.0113 
-6.0634 -15.0665 17198.5 2.21806 1.3362 62.8981 139.641 211 833971 1 1 1 0 0 0 0 0 0 125.971 17033.5 0 0 0 16.0083 -3.80159 149.95 1.44933 13.54 
-2.6183 -7.67207 17198.5 1.6153 -0.77232 60.2075 145.609 211 836872 1 1 1 0 0 0 0 0 0 132.17 17100.3 0 0 0 -0.985458 2.39578 149.95 1.65574 12.4429 
15.0769 -6.27305 17198.5 -0.230261 1.81464 60.6028 144.636 211 839667 1 1 1 0 0 0 0 0 0 131.174 17083.1 0 0 0 5.1803 -2.04836 149.95 1.6202 12.6004 
-6.03425 34.8533 17198.5 0.692059 -0.807733 69.8888 128.627 211 840796 1 1 1 0 0 0 0 0 0 113.498 17040.2 0 0 0 11.6759 9.96547 149.95 1.69115 16.5241 
40.7311 10.9477 17198.5 -2.50094 -1.06696 67.2151 132.118 211 841795 1 1 1 0 0 0 0 0 0 117.778 17018.2 0 0 0 -11.0285 1.89298 149.95 1.37363 15.3656 
39.4618 -3.27554 17198.5 -2.18564 -1.82065 65.7791 134.456 211 844206 1 1 1 0 0 0 0 0 0 119.966 16966 0 0 0 39.3576 -3.77734 149.95 1.8122 14.7503 
-19.3124 -0.560059 17198.5 2.30562 -0.141448 62.6785 139.939 211 844823 1 1 1 0 0 0 0 0 0 126.322 17018.5 0 0 0 8.22626 -0.401971 149.95 1.4474 13.4454 
-20.8457 19.3399 17198.5 -0.114929 -1.31057 63.2583 138.777 211 848093 1 1 1 0 0 0 0 0 0 125.039 16993.6 0 0 0 -6.72911 0.888313 149.95 1.48912 13.6721 
22.0171 63.8575 17198.5 -1.73931 -2.03073 69.7572 128.225 211 848492 1 1 1 0 0 0 0 0 0 113.282 16986.2 0 0 0 25.1469 10.079 149.95 1.56403 16.4845 
-19.5561 34.8529 17198.5 0.795491 -3.33255 63.7706 137.815 211 849703 1 1 1 0 0 0 0 0 0 123.975 17006.2 0 0 0 -8.10771 3.78664 149.95 1.4781 13.9168 
43.1435 -6.36033 17198.5 -2.57836 0.559423 66.9337 132.631 211 850897 1 1 1 0 0 0 0 0 0 118.248 17013.8 0 0 0 -8.2163 -0.829381 149.95 1.46961 15.2423 
5.16132 -18.3798 17198.5 -2.94655 0.249647 64.6756 136.363 211 852098 1 1 1 0 0 0 0 0 0 122.463 17030.5 0 0 0 -24.3905 2.7273 149.95 1.36548 14.2853 
10.3504 6.86721 17198.5 0.207145 -0.945923 60.5426 144.62 211 853608 1 1 1 0 0 0 0 0 0 131.31 17078.2 0 0 0 1.61865 1.26158 149.95 1.48511 12.5685 
27.289 -10.6938 17198.5 -0.708825 0.618547 66.1315 134.063 211 855367 1 1 1 0 0 0 0 0 0 119.517 16979 0 0 0 19.9459 -0.8161 149.95 1.80616 14.8775 
28.0807 1.12698 17198.5 -0.74191 -0.230805 62.2244 141.079 211 855953 1 1 1 0 0 0 0 0 0 127.366 17024.6 0 0 0 21.9325 -1.0247 149.95 1.62652 13.2445 
-39.227 -4.94403 17198.5 0.858392 -0.212251 67.469 131.739 211 856346 1 1 1 0 0 0 0 0 0 117.195 16985.5 0 0 0 5.50214 -8.75245 149.95 1.5677 15.4546 
-34.9015 30.3447 17198.5 1.67525 -0.858206 68.1351 130.944 211 861542 1 1 1 0 0 0 0 0 0 116.123 17001.4 0 0 0 17.7516 11.7402 149.95 1.71265 15.7546 
34.7306 1.86507 17198.5 -1.52178 -0.153406 66.82 132.872 211 862900 1 1 1 0 0 0 0 0 0 118.391 16996.8 0 0 0 0.378256 -0.185194 149.95 1.60618 15.1783 
37.0735 31.4518 17198.5 -0.33278 0.302892 68.4054 130.19 211 865147 1 1 1 0 0 0 0 0 0 115.391 16955.1 0 0 0 45.8684 2.00616 149.95 1.6843 15.8626 
42.7236 12.0946 17198.5 0.192205 -0.186084 70.1348 128.263 211 870247 1 1 1 0 0 0 0 0 0 113.344 17075.1 0 0 0 -3.18343 2.71873 149.95 1.41275 16.631 
-25.2625 4.0282 17198.5 0.117085 -0.154315 65.075 135.347 211 877305 1 1 1 0 0 0 0 0 0 121.4 16969.3 0 0 0 -1.8077 2.11071 149.95 1.39925 14.4254 
9.4862 -16.7407 17198.5 0.80566 1.45839 62.925 139.609 211 878669 1 1 1 0 0 0 0 0 0 125.889 17021.2 0 0 0 22.6715 0.586879 149.95 1.50877 13.5382 
46.1804 10.776 17198.5 -2.22874 -1.64599 63.3397 139.117 211 881892 1 1 1 0 0 0 0 0 0 125.336 17068.4 0 0 0 36.5199 2.10311 149.95 1.45572 13.7251 
-9.27168 -12.3677 17198.5 -0.366126 0.778809 63.9124 137.61 211 885044 1 1 1 0 0 0 0 0 0 123.655 16977.1 0 0 0 2.03712 -0.0268577 149.95 1.6047 13.94 
-18.839 24.5844 17198.5 0.935474 -1.60283 68.0311 130.799 211 886781 1 1 1 0 0 0 0 0 0 116.086 16969.8 0 0 0 24.4569 0.856014 149.95 1.648 15.7086 
40.712 22.1737 17198.5 -1.99361 -2.22468 64.3668 137.143 211 894357 1 1 1 0 0 0 0 0 0 123.097 17037.4 0 0 0 46.0073 -1.85699 149.95 1.56039 14.1564 
7.4953 19.2943 17198.5 0.502884 -1.15998 68.3687 130.421 211 895382 1 1 1 0 0 0 0 0 0 115.785 17006.4 0 0 0 24.646 12.1116 149.95 1.48657 15.8509 
13.2807 -10.9929 17198.5 -1.70429 1.0783 63.0606 139.326 211 895526 1 1 1 0 0 0 0 0 0 125.341 16986.4 0 0 0 9.92045 -1.33376 149.95 1.77303 13.5982 
-21.4636 -25.0483 17198.5 0.217173 1.03437 67.9975 130.714 211 897396 1 1 1 0 0 0 0 0 0 116.315 16990.7 0 0 0 -5.69425 3.21157 149.95 1.32588 15.6864 
-17.0161 -44.543 17198.5 1.72964 3.53702 66.7588 132.575 211 898550 1 1 1 0 0 0 0 0 0 118.256 16986.8 0 0 0 1.07984 6.07773 149.95 1.44499 15.1944 
-14.6363 -54.633 17198.5 0.196657 3.68334 64.932 135.8 211 899297 1 1 1 0 0 0 0 0 0 121.628 16991.1 0 0 0 -0.499694 -6.15942 149.95 1.61516 14.4091 
-8.58679 -32.185 17198.5 -1.99415 4.94923 61.815 141.818 211 900276 1 1 1 0 0 0 0 0 0 127.938 17050.3 0 0 0 16.2484 -4.97951 149.95 1.80888 13.1695 
53.3384 10.7275 17198.5 -0.708368 -0.176935 69.0165 129.801 211 901904 1 1 1 0 0 0 0 0 0 114.974 17045.3 0 0 0 2.13141 -2.22747 149.95 1.53708 16.1336 
-18.2024 18.9173 17198.5 3.73808 -1.07934 66.6293 133.323 211 902409 1 1 1 0 0 0 0 0 0 118.916 17048 0 0 0 47.7685 -6.58901 149.95 1.50949 15.1374 
10.312 20.4534 17198.5 -0.248088 -2.68706 61.1448 143.246 211 902866 1 1 1 0 0 0 0 0 0 129.763 17059.2 0 0 0 8.12089 1.81345 149.95 1.55517 12.83 
29.3993 -25.3328 17198.5 -0.455402 1.23602 69.4012 129.14 211 906775 1 1 1 0 0 0 0 0 0 114.14 17018.2 0 0 0 9.4406 -8.46689 149.95 1.66276 16.3083 
18.209 -5.19865 17198.5 -0.527147 0.437397 67.6595 131.469 211 907473 1 1 1 0 0 0 0 0 0 116.946 16996.7 0 0 0 -0.78516 3.1048 149.95 1.50461 15.5366 
40.3867 -43.247 17198.5 -1.47862 1.8299 68.9723 129.862 211 908464 1 1 1 0 0 0 0 0 0 115.002 17047.5 0 0 0 1.78924 -2.38398 149.95 1.56886 16.13 
2.44951 -44.1351 17198.5 2.3427 4.3102 64.904 135.678 211 909126 1 1 1 0 0 0 0 0 0 121.506 16987.7 0 0 0 10.9655 -2.29268 149.95 1.60922 14.4312 
1.28127 29.2378 17198.5 1.76482 -1.67098 64.4821 136.879 211 909292 1 1 1 0 0 0 0 0 0 122.875 17031 0 0 0 28.0633 6.44241 149.95 1.50665 14.1948 
10.9954 13.5314 17198.5 -0.935553 -0.616142 66.0551 133.965 211 909320 1 1 1 0 0 0 0 0 0 119.642 16977.8 0 0 0 -1.57008 1.28306 149.95 1.59634 14.846 
-2.85227 8.76109 17198.5 -0.84002 -0.530017 63.0773 139.191 211 912535 1 1 1 0 0 0 0 0 0 125.373 16988.6 0 0 0 -0.442286 0.261258 149.95 1.60625 13.595 
9.78249 25.2763 17198.5 -1.65225 -2.46558 63.8721 137.878 211 914858 1 1 1 0 0 0 0 0 0 123.66 16983.9 0 0 0 16.6704 -3.40404 149.95 1.85897 13.9495 
-12.2619 -14.4072 17198.5 0.00440986 1.44274 61.8439 141.775 211 917350 1 1 1 0 0 0 0 0 0 128.096 17020.8 0 0 0 -2.49744 -1.42257 149.95 1.66099 13.0948 
