#BLTrackFile2 CALOCNTR
#x y z Px Py Pz t PDGid EventID TrackID ParentID Weight Bx By Bz Ex Ey Ez ProperTime PathLength PolX PolY PolZ InitX InitY InitZ InitT InitKE
-9.65711 33.7501 18000 1.94478 -0.86792 68.9498 135.332 211 109 1 1 1 0 0 0 0 0 0 120.093 17794.5 0 0 0 30.7105 8.23386 149.95 1.37135 16.1168 
32.242 10.7277 18000 1.80411 1.9829 58.4705 157.16 211 1723 1 1 1 0 0 0 0 0 0 143.22 18006.3 0 0 0 -18.108 -1.83361 149.95 1.85562 11.7765 
-18.341 1.00765 18000 0.970365 -1.45176 67.4972 137.842 211 4559 1 1005 1 0 0 0 0 0 0 122.623 17784 0 0 0 14.9779 -8.9572 149.95 1.62462 15.4742 
-9.65711 33.7501 18000 1.94478 -0.86792 68.9498 135.332 211 109 1 1 1 0 0 0 0 0 0 120.093 17794.5 0 0 0 30.7105 8.23386 149.95 1.37135 16.1168 
32.242 10.7277 18000 1.80411 1.9829 58.4705 157.16 211 1723 1 1 1 0 0 0 0 0 0 143.22 18006.3 0 0 0 -18.108 -1.83361 149.95 1.85562 11.7765 
-18.341 1.00765 18000 0.970365 -1.45176 67.4972 137.842 211 4559 1 1005 1 0 0 0 0 0 0 122.623 17784 0 0 0 14.9779 -8.9572 149.95 1.62462 15.4742 
-9.65711 33.7501 18000 1.94478 -0.86792 68.9498 135.332 211 109 1 1 1 0 0 0 0 0 0 120.093 17794.5 0 0 0 30.7105 8.23386 149.95 1.37135 16.1168 
32.242 10.7277 18000 1.80411 1.9829 58.4705 157.16 211 1723 1 1 1 0 0 0 0 0 0 143.22 18006.3 0 0 0 -18.108 -1.83361 149.95 1.85562 11.7765 
-18.341 1.00765 18000 0.970365 -1.45176 67.4972 137.842 211 4559 1 1005 1 0 0 0 0 0 0 122.623 17784 0 0 0 14.9779 -8.9572 149.95 1.62462 15.4742 
21.4679 2.89175 18000 2.3122 0.492197 63.0738 145.769 211 8934 1 1 1 0 0 0 0 0 0 131.521 17831 0 0 0 20.4464 1.07379 149.95 1.42415 13.6086 
-16.2323 0.0708758 18000 -1.21827 -0.175602 63.9281 143.891 211 9498 1 1 1 0 0 0 0 0 0 129.482 17783.1 0 0 0 -6.8496 0.485174 149.95 1.4684 13.949 
-5.61593 0.244596 18000 -1.19752 0.152973 64.0006 143.893 211 12807 1 1 1 0 0 0 0 0 0 129.296 17777.7 0 0 0 4.39968 0.814204 149.95 1.64679 13.9791 
30.8571 14.766 18000 -1.95429 -0.442896 66.9908 138.898 211 13645 1 1 1 0 0 0 0 0 0 123.577 17789.9 0 0 0 31.588 -0.181764 149.95 1.81211 15.2575 
7.97684 -1.36239 18000 -2.03405 0.0335841 66.4095 139.634 211 18468 1 1 1 0 0 0 0 0 0 124.704 17796.8 0 0 0 -4.89902 -1.05627 149.95 1.52086 15.0073 
-9.72521 0.183343 18000 -1.11402 0.332996 62.9301 146.076 211 20736 1 1 1 0 0 0 0 0 0 131.587 17789.9 0 0 0 2.96623 -0.575223 149.95 1.72773 13.5356 
-24.7099 0.256157 18000 -1.89839 0.0135005 63.6411 144.382 211 21129 1 1 1 0 0 0 0 0 0 130.135 17797.3 0 0 0 -15.8022 -0.4731 149.95 1.34575 13.8366 
-7.13135 11.6343 18000 -0.0558432 -2.30967 65.201 141.65 211 22257 1 1 1 0 0 0 0 0 0 126.852 17776.8 0 0 0 10.05 -0.973696 149.95 1.62301 14.4958 
1.17626 0.566161 18000 -1.5331 0.0648831 64.6946 142.723 211 23209 1 1 1 0 0 0 0 0 0 127.892 17777.1 0 0 0 7.83502 1.66091 149.95 1.75277 14.2725 
14.5506 -0.700853 18000 -0.23884 0.131055 68.3531 136.477 211 26284 1 1 1 0 0 0 0 0 0 121.33 17813.8 0 0 0 -4.86237 -0.796498 149.95 1.37778 15.8391 
-10.4764 24.3196 18000 -0.102109 1.00483 70.4859 132.933 211 27108 1 1 1 0 0 0 0 0 0 117.498 17791.2 0 0 0 -1.45743 5.46832 149.95 1.2984 16.792 
-33.2567 -17.1854 18000 -2.14797 4.46716 67.8969 137.206 211 28708 1 1 1 0 0 0 0 0 0 121.933 17830.1 0 0 0 -2.33694 -7.78846 149.95 1.54152 15.7179 
-5.80557 -11.3108 18000 -1.10686 2.02118 66.3436 139.693 211 36033 1 1 1 0 0 0 0 0 0 124.733 17785.6 0 0 0 0.798598 1.55827 149.95 1.57063 14.9828 
6.39197 -16.0312 18000 0.397311 -1.01011 60.5314 151.565 211 36343 1 1 1 0 0 0 0 0 0 137.474 17877.3 0 0 0 1.09919 1.25256 149.95 1.71435 12.5649 
-10.3846 5.31485 18000 -0.733694 -1.10785 64.6339 142.662 211 37008 1 1 1 0 0 0 0 0 0 128.007 17775.2 0 0 0 1.93522 -0.603701 149.95 1.5898 14.2451 
27.896 8.86084 18000 -1.59392 -0.783769 67.892 137.544 211 38165 1 1 1 0 0 0 0 0 0 122.188 17824.7 0 0 0 3.29492 5.6146 149.95 1.65767 15.6468 
16.8977 -5.686 18000 2.19806 -4.14518 66.6903 138.83 211 39599 1 1 1 0 0 0 0 0 0 123.893 17791.4 0 0 0 3.57406 -5.51393 149.95 1.4565 15.1859 
-2.64005 7.30627 18000 -1.59994 -0.787574 66.1654 139.887 211 40194 1 1 1 0 0 0 0 0 0 125.115 17787.9 0 0 0 -8.1786 2.5049 149.95 1.4156 14.8995 
-13.2599 -2.1211 18000 -2.64551 2.98835 68.2873 136.705 211 40274 1 1 1 0 0 0 0 0 0 121.386 17835.1 0 0 0 -7.13941 -4.13473 149.95 1.52423 15.8612 
19.6683 29.1406 18000 0.261456 -0.466388 69.0464 135.626 211 1001 1 1 1 0 0 0 0 0 0 120.171 17823.1 0 0 0 9.20735 0.24105 149.95 1.55234 16.146 
21.2713 -2.96762 18000 0.0402817 0.595265 62.5201 147.03 211 1245 1 1 1 0 0 0 0 0 0 132.752 17828.3 0 0 0 21.2185 -4.08124 149.95 1.5661 13.3643 
37.5267 9.1225 18000 1.31063 -1.46931 64.166 143.995 211 2216 1 1 1 0 0 0 0 0 0 129.537 17862.1 0 0 0 33.3294 5.41489 149.95 1.41218 14.056 
8.05936 16.5831 18000 -0.015263 3.11388 61.3572 149.443 211 3432 1 1 1 0 0 0 0 0 0 135.329 17858.4 0 0 0 9.67942 -2.91774 149.95 1.58389 12.9232 
-16.2595 -8.48866 18000 2.27443 -1.63597 68.4653 136.141 211 10636 1 1 1 0 0 0 0 0 0 120.819 17782.8 0 0 0 22.1116 0.152177 149.95 1.54552 15.9135 
-22.3361 -0.635911 18000 1.3547 0.336925 64.7889 142.163 211 12887 1 1 1 0 0 0 0 0 0 127.706 17776.2 0 0 0 -0.824397 -1.72457 149.95 1.36339 14.3109 
23.3192 -27.0225 18000 0.9244 0.146621 65.4718 141.372 211 17105 1 1 1 0 0 0 0 0 0 126.702 17820.1 0 0 0 35.346 -5.46277 149.95 1.4194 14.5962 
-3.98421 -4.75729 18000 0.166757 1.15861 63.8492 144.212 211 18965 1 1 1 0 0 0 0 0 0 129.618 17779.6 0 0 0 13.4554 -1.83302 149.95 1.67081 13.9157 
-4.74655 -14.9943 18000 0.229714 -0.251646 69.0042 135.421 211 29771 1 1 1 0 0 0 0 0 0 120.15 17808.8 0 0 0 -1.22446 -3.81795 149.95 1.38745 16.1268 
22.3992 10.2306 18000 2.14559 2.214 63.4839 144.933 211 30282 1 1 1 0 0 0 0 0 0 130.529 17820.1 0 0 0 20.336 5.28483 149.95 1.50703 13.7907 
-7.95041 -32.503 18000 1.24715 0.768821 70.1518 133.905 211 31350 1 1 1 0 0 0 0 0 0 118.413 17846.8 0 0 0 1.35118 -1.88243 149.95 1.36983 16.6453 
5.39355 -12.8861 18000 2.31506 -3.32215 66.1545 139.819 211 32739 1 1 1 0 0 0 0 0 0 124.969 17791.1 0 0 0 0.237129 -4.93544 149.95 1.4747 14.9376 
10.838 0.814417 18000 -2.36459 -0.868685 67.3495 137.968 211 34489 1 1 1 0 0 0 0 0 0 123.098 17820.4 0 0 0 -14.7654 0.721421 149.95 1.26999 15.4206 
13.4079 -22.5776 18000 1.52133 1.60115 66.4018 139.817 211 34663 1 1 1 0 0 0 0 0 0 124.812 17811.6 0 0 0 32.3755 -8.61133 149.95 1.58537 15.0064 
32.5514 -2.36376 18000 0.8886 2.11741 63.3636 145.429 211 38384 1 1 1 0 0 0 0 0 0 131.131 17859.1 0 0 0 25.4492 -4.26812 149.95 1.40026 13.7271 
-13.9282 12.1559 18000 -0.29847 -0.705978 65.2968 141.676 211 38797 1 1 1 0 0 0 0 0 0 126.746 17778 0 0 0 5.8517 7.16386 149.95 1.74309 14.521 
-27.042 -19.3572 18000 2.29019 -0.894776 69.0281 135.264 211 39212 1 1 1 0 0 0 0 0 0 119.837 17779.5 0 0 0 29.0063 -0.818087 149.95 1.55471 16.1564 
-15.4876 -8.10099 18000 0.227395 1.04084 68.6821 135.744 211 45238 1 1 1 0 0 0 0 0 0 120.617 17796.4 0 0 0 -3.26762 3.18992 149.95 1.31104 15.9875 
17.4752 -2.63502 18000 1.41899 -1.89758 62.2802 147.416 211 48321 1 1 1 0 0 0 0 0 0 133.226 17835.4 0 0 0 12.4253 2.22052 149.95 1.51021 13.2836 
5.20823 -9.63583 18000 2.09388 -1.12492 65.2433 141.738 211 50158 1 1 1 0 0 0 0 0 0 126.978 17806.5 0 0 0 26.3485 -8.60023 149.95 1.55462 14.5148 
6.11099 9.07167 18000 -2.72731 -2.39811 65.258 141.702 211 51286 1 1 1 0 0 0 0 0 0 126.992 17828.3 0 0 0 43.3255 2.74283 149.95 1.47468 14.5455 
-11.9778 7.53648 18000 1.95964 1.34668 66.6514 139.257 211 52750 1 1 1 0 0 0 0 0 0 124.179 17789.4 0 0 0 19.2768 10.7102 149.95 1.62961 15.1163 
-10.2286 -0.442229 18000 -1.26383 -0.0728727 65.2456 141.407 211 54319 1 1 1 0 0 0 0 0 0 126.827 17777.6 0 0 0 -8.64401 -0.379065 149.95 1.40148 14.5026 
40.3154 -3.1719 18000 2.56145 -2.86521 64.0161 144.03 211 55100 1 1 1 0 0 0 0 0 0 129.551 17845.9 0 0 0 25.1412 8.39335 149.95 1.457 14.0289 
-47.8315 -0.59398 18000 -2.98502 -0.966663 62.6129 146.74 211 56215 1 1 1 0 0 0 0 0 0 132.473 17838.7 0 0 0 -24.3013 -1.00261 149.95 1.51675 13.4333 
-9.8847 -1.24841 18000 -1.69063 -2.70684 65.7446 140.897 211 59044 1 1 1 0 0 0 0 0 0 125.779 17783.1 0 0 0 14.9666 -6.46756 149.95 1.83195 14.7424 
-9.27111 28.9568 18000 0.475041 -1.29903 69.8697 134.291 211 59375 1 1 1 0 0 0 0 0 0 118.802 17833.1 0 0 0 -2.88386 8.03686 149.95 1.42896 16.518 
21.6335 0.935835 18000 -0.314716 1.47293 62.3187 147.482 211 60100 1 1 1 0 0 0 0 0 0 133.262 17843.4 0 0 0 20.9999 -3.12456 149.95 1.5324 13.2883 
8.30012 -19.5264 18000 -1.01214 1.12847 67.8418 137.329 211 60122 1 1 1 0 0 0 0 0 0 122.205 17812.5 0 0 0 -7.49988 -2.8855 149.95 1.44516 15.6221 
-20.051 -5.5798 18000 -0.172693 0.369657 65.9537 140.147 211 62401 1 1 1 0 0 0 0 0 0 125.446 17771.9 0 0 0 -3.82826 -2.77662 149.95 1.39913 14.7991 
14.0724 -6.20919 18000 2.8013 -1.00914 65.3459 141.465 211 64371 1 1 1 0 0 0 0 0 0 126.677 17799 0 0 0 36.2612 -0.842594 149.95 1.56482 14.5687 
-25.7991 2.78975 18000 1.98477 0.929147 66.0091 139.893 211 64548 1 1 1 0 0 0 0 0 0 125.302 17775.7 0 0 0 -3.7211 1.90914 149.95 1.27094 14.8378 
-19.066 -6.57632 18000 0.672323 0.724354 64.3187 143.328 211 64651 1 1 1 0 0 0 0 0 0 128.705 17783.3 0 0 0 3.87093 -5.4894 149.95 1.61134 14.1104 
-16.9869 8.97255 18000 0.299589 -1.65368 64.2075 143.476 211 65203 1 1 1 0 0 0 0 0 0 128.913 17785.2 0 0 0 1.82328 4.91723 149.95 1.5673 14.0699 
-21.2823 -0.199516 18000 -0.905417 0.19792 62.6209 146.627 211 66307 1 1 1 0 0 0 0 0 0 132.349 17803.9 0 0 0 -8.29478 0.454757 149.95 1.56488 13.4072 
-28.5866 -17.3957 18000 0.301458 -0.0985699 62.9843 146.139 211 80800 1 1 1 0 0 0 0 0 0 131.728 17821.5 0 0 0 -10.3825 4.11639 149.95 1.61936 13.5538 
-0.966792 18.3513 18000 -1.03104 1.94894 60.6012 151.306 211 81069 1 1 1 0 0 0 0 0 0 137.196 17870.6 0 0 0 5.80917 -1.80356 149.95 1.71921 12.6047 
-0.267444 -4.54963 18000 1.54002 1.40288 66.0989 140.171 211 82108 1 1 1 0 0 0 0 0 0 125.148 17777.2 0 0 0 27.6176 -0.55908 149.95 1.68492 14.8748 
-23.0907 -13.5205 18000 -2.24272 -4.10529 64.3752 143.36 211 83213 1 1 1 0 0 0 0 0 0 128.576 17825.8 0 0 0 30.5036 9.44822 149.95 1.70109 14.202 
-17.226 -4.10133 18000 -0.184951 0.29722 65.7019 140.598 211 85068 1 1 1 0 0 0 0 0 0 125.921 17770.9 0 0 0 -1.01098 -2.14721 149.95 1.42215 14.6916 
13.9814 0.376577 18000 -0.297328 -0.413937 63.3499 145.305 211 86742 1 1 1 0 0 0 0 0 0 130.733 17789.9 0 0 0 23.8091 -0.841527 149.95 1.73421 13.7051 
-13.9132 -4.20612 18000 0.599568 1.67921 64.7659 142.415 211 86799 1 1 1 0 0 0 0 0 0 127.748 17778.4 0 0 0 6.87613 5.67931 149.95 1.57381 14.3052 
17.7146 21.6759 18000 0.234783 -0.296429 69.8438 134.291 211 90131 1 1 1 0 0 0 0 0 0 119.003 17853.3 0 0 0 -10.028 1.48189 149.95 1.21891 16.5007 
38.2748 16.4934 18000 -0.664538 -0.523985 68.9588 135.86 211 91198 1 1 1 0 0 0 0 0 0 120.45 17842.6 0 0 0 0.549568 3.49815 149.95 1.50766 16.1086 
-6.67986 -1.01548 18000 -0.115359 0.916733 62.4287 147.06 211 91653 1 1 1 0 0 0 0 0 0 132.743 17802.2 0 0 0 5.1823 -1.31805 149.95 1.63969 13.3286 
-3.62321 10.8724 18000 -0.294261 -0.805521 66.9948 138.516 211 91807 1 1 1 0 0 0 0 0 0 123.578 17784.7 0 0 0 -0.674791 0.314684 149.95 1.43614 15.2487 
-9.26286 9.31026 18000 1.4641 0.33262 66.217 140.043 211 93699 1 1 1 0 0 0 0 0 0 125.052 17791 0 0 0 23.9181 10.7415 149.95 1.62357 14.9186 
-26.8144 -2.08822 18000 -2.11257 -1.07533 63.3538 145.218 211 93964 1 1 1 0 0 0 0 0 0 130.714 17800.3 0 0 0 -11.8681 -0.531966 149.95 1.65078 13.7242 
25.4144 -3.06274 18000 3.52847 1.66828 67.2878 138.439 211 94237 1 1 1 0 0 0 0 0 0 123.085 17819.7 0 0 0 56.9492 -1.46192 149.95 1.7527 15.4225 
1.08895 10.7283 18000 2.67528 0.948307 64.0591 143.809 211 100334 1 1 1 0 0 0 0 0 0 129.264 17803.7 0 0 0 10.055 6.76243 149.95 1.55616 14.025 
36.6516 3.62455 18000 -1.8219 -0.340195 68.3743 136.728 211 101575 1 1 1 0 0 0 0 0 0 121.459 17844.7 0 0 0 -7.16901 0.432562 149.95 1.46833 15.8593 
3.22958 -6.44689 18000 -2.73336 -2.26432 68.1184 136.743 211 102504 1 1 1 0 0 0 0 0 0 121.756 17839 0 0 0 -15.5776 2.70569 149.95 1.22475 15.7764 
-24.0742 -1.75631 18000 0.258016 1.15391 69.1505 135.11 211 103734 1 1 1 0 0 0 0 0 0 119.77 17792.4 0 0 0 0.150051 5.99743 149.95 1.44223 16.1958 
-36.1653 -10.7751 18000 0.735729 -1.63252 68.6041 135.997 211 105112 1 1 1 0 0 0 0 0 0 120.567 17772.8 0 0 0 10.0157 -8.70251 149.95 1.64306 15.9598 
-39.1351 -4.36041 18000 -0.214926 -1.54296 70.141 133.552 211 106856 1 1 1 0 0 0 0 0 0 118.061 17791.6 0 0 0 -1.98069 9.77667 149.95 1.41401 16.6413 
22.1968 -9.78982 18000 -1.29124 -0.944141 67.8167 137.406 211 107742 1 1 1 0 0 0 0 0 0 122.12 17794 0 0 0 7.52778 -3.35147 149.95 1.62592 15.612 
26.8459 11.3398 18000 -0.613559 1.42119 63.7172 144.591 211 107895 1 1 1 0 0 0 0 0 0 130.152 17818.2 0 0 0 33.085 2.31913 149.95 1.51062 13.8642 
-19.7559 2.39645 18000 0.717621 0.574261 64.9792 142.169 211 108090 1 1 1 0 0 0 0 0 0 127.376 17780.1 0 0 0 8.65126 7.86933 149.95 1.6626 14.3875 
35.8879 24.7433 18000 0.351214 -0.414522 64.8418 142.543 211 109458 1 1 1 0 0 0 0 0 0 127.985 17826.2 0 0 0 37.337 3.17808 149.95 1.41914 14.3278 
29.1508 -5.17497 18000 0.846073 -3.41101 63.0793 145.884 211 109546 1 1 1 0 0 0 0 0 0 131.632 17862.8 0 0 0 21.7743 5.44469 149.95 1.39503 13.6329 
-34.9083 12.6797 18000 1.21275 1.90658 68.1013 136.77 211 110235 1 1 1 0 0 0 0 0 0 121.425 17771.8 0 0 0 8.50731 6.58035 149.95 1.64673 15.7447 
-27.9276 4.72276 18000 0.520393 0.106435 65.7749 140.669 211 110700 1 1 1 0 0 0 0 0 0 125.809 17775.2 0 0 0 2.75175 8.70818 149.95 1.58833 14.7232 
-10.7235 -0.759878 18000 1.9637 0.844021 64.2141 143.478 211 110735 1 1 1 0 0 0 0 0 0 128.939 17794.5 0 0 0 3.80392 -5.13867 149.95 1.53242 14.0783 
38.7525 10.0478 18000 -1.49037 -0.760559 68.5281 136.638 211 111488 1 1 1 0 0 0 0 0 0 121.181 17842.7 0 0 0 2.83941 3.6992 149.95 1.63043 15.9249 
-26.5957 10.7584 18000 0.539408 0.28127 69.0185 135.337 211 111836 1 1 1 0 0 0 0 0 0 120.101 17805.7 0 0 0 -4.04266 6.5548 149.95 1.35188 16.1339 
4.19269 -38.071 18000 -0.275161 0.0275406 66.6991 138.867 211 112403 1 1 1 0 0 0 0 0 0 123.765 17731.7 0 0 0 53.2441 -2.43405 149.95 1.69561 15.1188 
13.1066 -12.1614 18000 1.53541 -0.24491 66.9817 138.869 211 114421 1 1 1 0 0 0 0 0 0 123.862 17825.4 0 0 0 39.2425 9.14882 149.95 1.47555 15.2484 
-15.6683 10.1275 18000 -0.105859 -1.42334 65.9161 140.439 211 115757 1 1 1 0 0 0 0 0 0 125.519 17775.8 0 0 0 2.71983 -5.89126 149.95 1.62058 14.7892 
-25.3156 7.17302 18000 1.18793 -0.282335 65.8177 140.638 211 116670 1 1 1 0 0 0 0 0 0 125.756 17781.7 0 0 0 5.42238 8.00173 149.95 1.59571 14.7454 
-2.19194 -24.0416 18000 1.38061 0.188835 71.3537 132.865 211 123849 1 1 1 0 0 0 0 0 0 116.724 17893.2 0 0 0 12.2953 8.36026 149.95 1.76585 17.188 
-3.52539 -3.13474 18000 -0.216378 3.20078 64.4185 143.17 211 124065 1 1 1 0 0 0 0 0 0 128.379 17785.7 0 0 0 16.9794 4.65586 149.95 1.74598 14.1825 
-32.0821 -10.498 18000 -2.24407 -2.33218 64.4667 143.163 211 124554 1 1 1 0 0 0 0 0 0 128.478 17813.1 0 0 0 -13.8958 1.81723 149.95 1.61046 14.2032 
-7.93134 6.4347 18000 -0.899539 -0.260314 66.4622 139.244 211 129330 1 1 1 0 0 0 0 0 0 124.546 17781.8 0 0 0 -10.5103 2.49034 149.95 1.29477 15.0194 
-10.6722 -13.3119 18000 -0.688241 -4.44201 62.4158 147.162 211 129509 1 1 1 0 0 0 0 0 0 132.632 17827.6 0 0 0 13.5061 6.05827 149.95 1.80905 13.3866 
16.5927 0.891654 18000 -1.3743 -0.859197 66.7775 139.174 211 131247 1 1 1 0 0 0 0 0 0 124.017 17793.7 0 0 0 7.24568 -0.720058 149.95 1.68592 15.1609 
5.14539 -3.33754 18000 0.815101 0.783366 64.7287 142.599 211 131652 1 1 1 0 0 0 0 0 0 127.856 17779.2 0 0 0 27.7269 2.18073 149.95 1.65802 14.2834 
35.5021 -2.77681 18000 -0.710324 -0.291879 62.785 146.634 211 132460 1 1 1 0 0 0 0 0 0 132.467 17865.8 0 0 0 29.0108 1.8785 149.95 1.37961 13.4735 
10.461 -0.671869 18000 1.67135 0.101928 62.7588 146.382 211 132977 1 1 1 0 0 0 0 0 0 132.125 17817.4 0 0 0 15.1728 -1.79891 149.95 1.50477 13.4701 
-37.2421 18.6641 18000 0.970558 1.5027 70.1197 133.383 211 134533 1 1 1 0 0 0 0 0 0 117.897 17762.8 0 0 0 17.2794 -0.563381 149.95 1.43502 16.6342 
18.9518 -20.2183 18000 -0.471726 0.270721 68.3656 136.698 211 135509 1 1 1 0 0 0 0 0 0 121.302 17813.4 0 0 0 1.38049 -5.11845 149.95 1.62453 15.8454 
-25.5412 10.6228 18000 0.732632 -0.974267 67.3975 137.707 211 135582 1 1 1 0 0 0 0 0 0 122.816 17782.8 0 0 0 -3.77533 -0.86723 149.95 1.31692 15.4258 
-12.696 -3.33952 18000 2.22514 -2.81849 68.851 135.849 211 136779 1 1 1 0 0 0 0 0 0 120.424 17833.7 0 0 0 22.3849 13.0185 149.95 1.53318 16.0999 
13.1818 0.823115 18000 -2.44546 1.45428 67.3925 138.333 211 137836 1 1 1 0 0 0 0 0 0 123.024 17824.5 0 0 0 -1.6531 -3.93807 149.95 1.6951 15.4449 
-0.277496 3.52585 18000 -1.02505 1.02855 61.5254 149.137 211 141816 1 1 1 0 0 0 0 0 0 134.837 17824.3 0 0 0 10.0104 -0.940474 149.95 1.77359 12.9661 
13.6682 3.04727 18000 -1.90864 0.306277 66.0862 140.447 211 143303 1 1 1 0 0 0 0 0 0 125.279 17791.1 0 0 0 9.86 4.85611 149.95 1.82298 14.8674 
29.05 29.4434 18000 0.470895 -0.464673 70.2974 133.873 211 145528 1 1 1 0 0 0 0 0 0 118.367 17873.8 0 0 0 -4.49383 -0.138011 149.95 1.33917 16.7052 
-33.3114 -15.5548 18000 -3.15352 -0.679548 59.4702 154.138 211 155840 1 1 1 0 0 0 0 0 0 139.952 17903.7 0 0 0 3.09542 2.19409 149.95 1.9768 12.1761 
12.7969 0.668782 18000 1.94616 -3.32486 65.8244 140.441 211 156684 1 1 1 0 0 0 0 0 0 125.559 17783 0 0 0 11.1648 -3.46812 149.95 1.57577 14.7915 
-36.9415 3.07123 18000 1.58725 1.12258 67.7469 137.155 211 161511 1 1 1 0 0 0 0 0 0 122.197 17789.2 0 0 0 -4.33662 5.58644 149.95 1.31255 15.5854 
-23.4078 -2.894 18000 -0.977312 -3.32626 63.2342 145.458 211 163928 1 1 1 0 0 0 0 0 0 130.886 17804.3 0 0 0 -1.49679 4.04408 149.95 1.7294 13.6957 
7.17801 5.55117 18000 1.64071 0.779323 63.4229 145.215 211 166984 1 1 1 0 0 0 0 0 0 130.718 17815.1 0 0 0 17.9021 5.91314 149.95 1.62338 13.7452 
26.0609 9.18226 18000 -0.20816 0.906311 63.3651 145.435 211 169689 1 1 1 0 0 0 0 0 0 130.976 17828.6 0 0 0 26.5471 3.3047 149.95 1.5907 13.7134 
-23.1752 -1.87882 18000 0.625344 0.17055 65.6513 140.709 211 170310 1 1 1 0 0 0 0 0 0 126.004 17769.6 0 0 0 3.10313 -1.90672 149.95 1.45915 14.671 
-25.4753 -14.6387 18000 1.97941 0.203002 69.4943 134.795 211 172783 1 1 1 0 0 0 0 0 0 119.305 17816.1 0 0 0 10.9776 -0.106132 149.95 1.50803 16.3569 
27.1959 33.9814 18000 -0.628494 -0.746319 68.1627 136.888 211 172875 1 1008 1 0 0 0 0 0 0 121.444 17782.5 0 0 0 28.8723 5.65853 149.95 1.73265 15.7583 
-26.5886 -0.872803 18000 -1.04521 0.0805053 63.5795 144.464 211 172932 1 1 1 0 0 0 0 0 0 130.281 17794.5 0 0 0 -15.0549 1.0666 149.95 1.29848 13.8029 
34.888 2.22592 18000 0.752333 0.934283 65.2483 141.932 211 173196 1 1 1 0 0 0 0 0 0 127.217 17832.7 0 0 0 38.9391 -6.86969 149.95 1.49569 14.5032 
-22.9349 0.822596 18000 0.713848 0.986497 67.6943 137.532 211 175216 1 1 1 0 0 0 0 0 0 122.303 17786.4 0 0 0 10.5012 7.30222 149.95 1.59891 15.5551 
2.71301 9.80347 18000 -0.627428 2.74087 63.3485 145.308 211 175231 1 1 1 0 0 0 0 0 0 130.654 17795.6 0 0 0 26.9013 4.81298 149.95 1.8023 13.7294 
26.8646 12.8429 18000 0.614815 -0.369226 64.3379 143.538 211 180393 1 1 1 0 0 0 0 0 0 128.964 17823.4 0 0 0 31.491 7.10068 149.95 1.52956 14.1169 
-19.6906 1.19571 18000 0.716893 -0.286297 63.9367 143.865 211 181632 1 1 1 0 0 0 0 0 0 129.465 17781.3 0 0 0 0.433343 1.23454 149.95 1.46017 13.9496 
-30.2523 -3.30379 18000 0.476085 -0.0829881 65.1489 141.546 211 182355 1 1 1 0 0 0 0 0 0 127.025 17776 0 0 0 -4.49566 -3.68682 149.95 1.36337 14.4573 
-22.6227 0.385396 18000 -1.95914 0.0586603 63.5267 144.888 211 183088 1 1 1 0 0 0 0 0 0 130.351 17795.3 0 0 0 -12.1812 -0.582988 149.95 1.65809 13.7899 
-26.3475 13.7437 18000 0.109694 -0.924822 65.7375 140.646 211 184955 1 1 1 0 0 0 0 0 0 125.894 17778.3 0 0 0 -1.63259 5.58587 149.95 1.48436 14.7092 
-3.67737 1.75059 18000 -0.854572 0.889312 61.6577 148.83 211 186633 1 1 1 0 0 0 0 0 0 134.512 17818.1 0 0 0 6.59605 -0.289143 149.95 1.77254 13.0176 
-24.5457 -12.2253 18000 1.4663 0.096029 67.6593 137.68 211 189052 1 1 1 0 0 0 0 0 0 122.401 17792.7 0 0 0 13.5179 -11.6997 149.95 1.64935 15.542 
-23.8709 35.8936 18000 -3.51234 3.09867 64.9235 142.335 211 190596 1 1 1 0 0 0 0 0 0 127.244 17790.8 0 0 0 22.7212 4.58186 149.95 1.93256 14.4325 
-3.6929 -1.0901 18000 -2.48839 1.47634 66.2659 140.054 211 199182 1 1 1 0 0 0 0 0 0 124.946 17801.5 0 0 0 -1.33944 -3.45386 149.95 1.71552 14.9594 
19.6528 -20.2555 18000 2.24141 -3.13865 62.536 146.728 211 199804 1 1 1 0 0 0 0 0 0 132.456 17826 0 0 0 -2.67371 1.85146 149.95 1.53789 13.4183 
-30.4339 14.6538 18000 -2.75877 -0.0101481 63.9863 144.217 211 200453 1 1 1 0 0 0 0 0 0 129.575 17825.4 0 0 0 -17.5669 -3.23923 149.95 1.65172 13.9931 
36.3746 7.61209 18000 -0.103349 1.62436 63.8471 144.591 211 200836 1 1 1 0 0 0 0 0 0 130.197 17861.2 0 0 0 29.3534 -4.84591 149.95 1.41 13.919 
-19.7182 0.648312 18000 -1.84017 1.11575 63.6853 144.487 211 204110 1 1 1 0 0 0 0 0 0 129.97 17789.3 0 0 0 -6.29161 -1.68466 149.95 1.61196 13.8583 
32.9886 -20.6233 18000 1.89833 -3.64674 61.7408 148.466 211 205758 1 1 1 0 0 0 0 0 0 134.38 17860.6 0 0 0 6.98493 1.81044 149.95 1.47106 13.1016 
20.0834 1.74397 18000 1.42814 2.98921 64.0543 143.76 211 209572 1 1 1 0 0 0 0 0 0 129.205 17800.6 0 0 0 26.3478 -0.563338 149.95 1.5651 14.0324 
25.9138 4.60276 18000 2.47481 0.053102 63.6035 144.845 211 210607 1 1 1 0 0 0 0 0 0 130.536 17847.1 0 0 0 24.7378 3.99976 149.95 1.37559 13.8292 
32.695 27.1829 18000 0.275867 -1.5305 66.3838 139.912 211 212198 1 1 1 0 0 0 0 0 0 124.771 17796 0 0 0 50.9284 0.984872 149.95 1.73984 14.9907 
19.088 -22.1358 18000 2.62591 -3.44208 63.8779 143.801 211 214154 1 1 1 0 0 0 0 0 0 129.48 17806.4 0 0 0 -6.60512 3.41765 149.95 1.34806 13.9843 
20.9197 -22.1744 18000 -1.8117 1.34559 67.2921 138.147 211 215785 1 1 1 0 0 0 0 0 0 122.991 17787.3 0 0 0 39.7636 -11.0971 149.95 1.59341 15.3916 
-20.3426 -8.92151 18000 0.0620104 1.00371 65.8558 140.393 211 216102 1 1 1 0 0 0 0 0 0 125.624 17772.3 0 0 0 -1.02582 2.09943 149.95 1.48469 14.7601 
32.5446 10.4183 18000 1.96338 -1.5542 64.5897 143.145 211 217032 1 1 1 0 0 0 0 0 0 128.581 17852.3 0 0 0 34.3217 6.801 149.95 1.44395 14.2412 
1.71767 5.33797 18000 -1.35333 1.17256 63.3459 145.397 211 218752 1 1 1 0 0 0 0 0 0 130.698 17790.5 0 0 0 19.7601 6.83696 149.95 1.85772 13.713 
0.0935007 38.2102 18000 1.8838 -1.73014 69.4645 134.523 211 220891 1 1 1 0 0 0 0 0 0 119.151 17790.2 0 0 0 33.6027 13.3358 149.95 1.41324 16.3519 
5.07126 -32.3083 18000 2.82717 -1.94316 62.7775 146.449 211 231983 1 1 1 0 0 0 0 0 0 132.047 17832.4 0 0 0 -5.19899 4.32394 149.95 1.62217 13.507 
2.58077 15.4399 18000 2.44961 2.76307 65.3503 141.211 211 234228 1 1 1 0 0 0 0 0 0 126.52 17788 0 0 0 0.861978 5.1652 149.95 1.46889 14.586 
-11.4327 15.1861 18000 -2.0705 -3.07531 69.2834 134.936 211 238622 1 1 1 0 0 0 0 0 0 119.639 17830 0 0 0 -9.07257 7.97715 149.95 1.32873 16.2944 
10.4749 3.23098 18000 1.34457 -0.959589 59.7619 153.537 211 239715 1 1 1 0 0 0 0 0 0 139.518 17916.3 0 0 0 -10.1537 0.306308 149.95 1.75853 12.2654 
-8.22096 21.1444 18000 -0.82417 4.16033 61.7036 148.718 211 242246 1 1 1 0 0 0 0 0 0 134.366 17850.5 0 0 0 12.6161 -3.76228 149.95 1.75075 13.0901 
2.8685 2.8208 18000 1.01883 -0.627714 65.0231 142.095 211 242786 1 1 1 0 0 0 0 0 0 127.268 17778.2 0 0 0 28.4744 -0.862618 149.95 1.68932 14.408 
4.29558 -10.7724 18000 -2.79677 -3.0816 67.834 137.252 211 243592 1 1 1 0 0 0 0 0 0 122.188 17836.9 0 0 0 -12.01 4.39382 149.95 1.34863 15.6671 
2.42092 -0.576358 18000 -0.684858 -0.705243 58.5351 156.9 211 244270 1 1 1 0 0 0 0 0 0 142.933 17973.8 0 0 0 -11.1561 -1.31412 149.95 1.90197 11.7809 
-26.4971 8.51039 18000 1.0531 -0.980276 67.2556 137.903 211 245898 1 1 1 0 0 0 0 0 0 123.054 17780.8 0 0 0 -2.71205 0.850925 149.95 1.30089 15.366 
-12.6216 3.68897 18000 0.928115 -0.959368 63.6111 144.597 211 251863 1 1 1 0 0 0 0 0 0 130.179 17790.9 0 0 0 4.29432 4.07631 149.95 1.5296 13.8182 
-26.2458 5.34859 18000 1.64532 -1.21988 68.0884 136.585 211 256772 1 1 1 0 0 0 0 0 0 121.598 17792 0 0 0 -2.76331 -0.303769 149.95 1.27665 15.7362 
14.8392 -5.34039 18000 1.74197 3.91044 66.7831 138.807 211 257042 1 1 1 0 0 0 0 0 0 123.718 17783.6 0 0 0 15.0978 1.15262 149.95 1.60283 15.214 
8.42133 10.8913 18000 2.79347 0.940102 64.1188 143.821 211 257893 1 1 1 0 0 0 0 0 0 129.202 17813.1 0 0 0 15.8444 7.23456 149.95 1.61185 14.0519 
-23.4746 -18.2154 18000 -2.12633 -0.642956 64.0629 144.169 211 260133 1 1 1 0 0 0 0 0 0 129.403 17817.2 0 0 0 -11.8724 4.8795 149.95 1.77058 14.0164 
23.1263 -4.15682 18000 -2.07246 -1.41729 63.9654 144.33 211 264526 1 1 1 0 0 0 0 0 0 129.787 17845.9 0 0 0 44.3176 -1.27263 149.95 1.54338 13.9802 
4.04619 -8.53686 18000 -1.57099 -3.8194 64.41 143.541 211 265555 1 1 1 0 0 0 0 0 0 128.914 17872 0 0 0 47.5798 4.19695 149.95 1.50976 14.2009 
39.2092 6.18644 18000 0.194309 0.639827 66.4111 139.874 211 270885 1 1 1 0 0 0 0 0 0 124.902 17818 0 0 0 38.9724 -9.50736 149.95 1.55226 14.9961 
13.5678 39.7661 18000 1.56111 -1.56271 69.4281 135.063 211 277871 1 1 1 0 0 0 0 0 0 119.601 17845.1 0 0 0 29.0964 -12.1734 149.95 1.46732 16.3304 
-12.0433 27.8274 18000 1.3328 -1.49617 69.8844 134.436 211 282747 1 1 1 0 0 0 0 0 0 118.785 17838 0 0 0 3.88922 8.76052 149.95 1.58205 16.5313 
19.9513 0.639279 18000 -0.465 0.259056 67.2249 138.466 211 288058 1 1 1 0 0 0 0 0 0 123.215 17792.4 0 0 0 11.1887 2.29 149.95 1.70217 15.3469 
-19.8428 -11.4589 18000 -0.0991926 1.50573 66.374 139.544 211 288070 1 1 1 0 0 0 0 0 0 124.672 17779 0 0 0 -0.977861 4.51526 149.95 1.48585 14.986 
14.684 -0.437183 18000 -2.37134 0.120741 67.0469 138.575 211 289818 1 1 1 0 0 0 0 0 0 123.626 17815.1 0 0 0 -9.46757 -0.232041 149.95 1.40832 15.2871 
44.1295 13.9594 18000 0.579105 -0.489345 67.7141 137.987 211 291486 1 1 1 0 0 0 0 0 0 122.458 17812.3 0 0 0 50.3876 -0.364626 149.95 1.8768 15.5608 
32.1318 22.5798 18000 -0.643377 -0.478638 65.2566 141.798 211 291561 1 1 1 0 0 0 0 0 0 127.052 17810.1 0 0 0 37.9038 7.8234 149.95 1.5425 14.5042 
10.4368 38.9779 18000 0.0612964 -0.288417 69.3131 135.023 211 295584 1 1 1 0 0 0 0 0 0 119.573 17802.4 0 0 0 8.10638 2.89816 149.95 1.51715 16.2638 
-30.4325 20.5862 18000 1.35204 2.32867 65.174 141.656 211 297016 1 1 1 0 0 0 0 0 0 127.11 17809.5 0 0 0 -17.8883 -3.05648 149.95 1.3486 14.4906 
9.73855 -8.49383 18000 0.144618 2.03757 66.5474 139.381 211 300729 1 1 1 0 0 0 0 0 0 124.258 17770.1 0 0 0 30.7881 1.28382 149.95 1.70921 15.0667 
20.2263 0.596178 18000 1.72095 0.934624 59.2923 154.673 211 304713 1 1 1 0 0 0 0 0 0 140.85 17948.1 0 0 0 -14.1147 0.809427 149.95 1.62818 12.0848 
-3.2415 0.307299 18000 1.32832 -2.91128 65.5812 141.015 211 305140 1 1 1 0 0 0 0 0 0 126.111 17786 0 0 0 8.37012 -7.68233 149.95 1.64565 14.6731 
7.0629 2.31339 18000 0.797607 -0.60634 64.3205 143.366 211 306195 1 1 1 0 0 0 0 0 0 128.703 17783.5 0 0 0 27.2025 -0.476174 149.95 1.65094 14.1112 
8.0126 -7.93435 18000 -0.969853 1.37953 66.8503 138.934 211 310327 1 1 1 0 0 0 0 0 0 123.842 17788.4 0 0 0 5.03361 1.86807 149.95 1.6121 15.193 
22.5208 3.13308 18000 -1.98293 0.440227 67.0623 138.844 211 313477 1 1 1 0 0 0 0 0 0 123.577 17809.2 0 0 0 3.94862 -0.475894 149.95 1.73002 15.2888 
-6.72664 4.1994 18000 1.03498 0.203478 63.6355 144.767 211 316837 1 1 1 0 0 0 0 0 0 130.175 17795.6 0 0 0 13.0515 6.47986 149.95 1.69726 13.8261 
10.6119 0.971801 18000 0.351672 -0.371649 63.3803 145.16 211 317596 1 1 1 0 0 0 0 0 0 130.69 17792.6 0 0 0 22.7993 0.281325 149.95 1.62444 13.7177 
8.96994 7.04551 18000 0.197422 1.08718 68.0474 136.874 211 318537 1 1 1 0 0 0 0 0 0 121.533 17766.1 0 0 0 28.5897 2.83669 149.95 1.66252 15.7086 
-25.7994 -1.62315 18000 -2.91935 -0.253137 63.6814 144.441 211 320730 1 1 1 0 0 0 0 0 0 129.965 17796.1 0 0 0 -8.54154 0.338925 149.95 1.56116 13.8695 
18.7705 -14.9375 18000 2.45467 -2.4787 62.7993 146.126 211 321744 1 1 1 0 0 0 0 0 0 131.876 17816.3 0 0 0 2.4388 3.30895 149.95 1.47822 13.5172 
-1.42207 -28.5969 18000 -0.758641 3.15523 68.2384 136.987 211 322349 1 1 1 0 0 0 0 0 0 121.462 17823.3 0 0 0 9.38843 -8.73695 149.95 1.75609 15.8224 
-44.572 -6.33896 18000 -3.63568 -0.398063 63.13 145.559 211 323107 1 1 1 0 0 0 0 0 0 131.211 17822.3 0 0 0 -18.9019 1.09232 149.95 1.50819 13.6572 
-5.86608 16.3843 18000 -1.92726 2.5519 63.1833 145.562 211 325582 1 1 1 0 0 0 0 0 0 131.016 17803.8 0 0 0 27.7552 1.44082 149.95 1.71478 13.6688 
-30.8914 30.1741 18000 -2.97964 2.30475 60.6213 151.068 211 325885 1 1 1 0 0 0 0 0 0 136.932 17864.7 0 0 0 11.4024 -1.6279 149.95 1.73166 12.6434 
0.632743 -3.50807 18000 -1.6144 -0.368255 60.4941 151.462 211 327061 1 1 1 0 0 0 0 0 0 137.509 17874.6 0 0 0 7.97453 0.412847 149.95 1.58331 12.5551 
32.2853 -19.8844 18000 3.06787 -2.32186 63.8937 144.143 211 329283 1 1 1 0 0 0 0 0 0 129.684 17830.3 0 0 0 21.6118 -6.02537 149.95 1.47069 13.978 
-18.778 1.26481 18000 2.2797 0.202928 68.0207 137.054 211 329926 1 1 1 0 0 0 0 0 0 121.719 17794 0 0 0 21.3713 -0.349382 149.95 1.6343 15.7099 
-40.5156 -7.51162 18000 1.12295 -0.646402 69.5396 134.426 211 331093 1 1 1 0 0 0 0 0 0 119.198 17807.6 0 0 0 -6.89867 -6.00251 149.95 1.24771 16.3698 
39.179 21.0227 18000 2.17784 -2.64309 65.3878 141.539 211 339748 1 1 1 0 0 0 0 0 0 126.931 17852 0 0 0 36.669 2.15392 149.95 1.33463 14.5958 
-36.5161 10.8304 18000 1.81793 1.06423 69.7961 134.002 211 340662 1 1 1 0 0 0 0 0 0 118.681 17800.8 0 0 0 2.9962 0.215471 149.95 1.29599 16.4932 
12.369 -8.74511 18000 2.6644 -2.18831 66.4145 139.521 211 343174 1 1 1 0 0 0 0 0 0 124.492 17783.4 0 0 0 33.9332 -0.736034 149.95 1.61929 15.0345 
4.0004 10.5341 18000 0.331231 -1.35987 66.0966 140.216 211 343860 1 1 1 0 0 0 0 0 0 125.167 17774.4 0 0 0 23.5979 -0.0583798 149.95 1.71669 14.8661 
2.79105 4.477 18000 -0.495461 -2.49908 63.2685 145.614 211 345919 1 1 1 0 0 0 0 0 0 130.954 17810.9 0 0 0 20.0444 6.89411 149.95 1.81369 13.6918 
9.90461 -30.5587 18000 -0.242269 1.30167 68.5244 136.548 211 346533 1 1 1 0 0 0 0 0 0 121.053 17820.9 0 0 0 4.81751 -7.38984 149.95 1.68798 15.9199 
-19.8186 -1.27075 18000 0.839921 0.0439619 68.9159 135.542 211 348590 1 1 1 0 0 0 0 0 0 120.317 17811.8 0 0 0 -0.897073 -1.08578 149.95 1.35429 16.0895 
-1.16325 8.55835 18000 -0.559031 -1.86563 66.8732 138.973 211 350174 1 1 1 0 0 0 0 0 0 123.732 17780.6 0 0 0 13.0591 -9.72239 149.95 1.76045 15.206 
-21.5161 -3.15913 18000 -2.09711 2.30393 65.0226 141.965 211 351299 1 1 1 0 0 0 0 0 0 127.21 17787.4 0 0 0 -2.47203 -4.74235 149.95 1.59812 14.4346 
22.1013 -32.8751 18000 1.45352 1.7475 68.2938 136.965 211 352676 1 1 1 0 0 0 0 0 0 121.379 17815.3 0 0 0 45.158 0.0546674 149.95 1.81956 15.8295 
-14.1304 4.67587 18000 0.35973 -2.18804 64.7118 142.573 211 353425 1 1 1 0 0 0 0 0 0 127.856 17782.3 0 0 0 4.33816 -2.69551 149.95 1.62806 14.2881 
-10.2944 -5.23269 18000 -0.842271 3.33479 65.0605 141.981 211 353933 1 1 1 0 0 0 0 0 0 127.077 17783.6 0 0 0 13.7606 3.161 149.95 1.74045 14.4575 
-10.2249 25.8593 18000 -2.02801 3.31767 62.3359 147.383 211 360344 1 1 1 0 0 0 0 0 0 133.163 17864.6 0 0 0 22.6098 -4.64757 149.95 1.4952 13.3374 
-28.8579 -15.1448 18000 0.418382 -0.855815 63.2329 145.586 211 360683 1 1 1 0 0 0 0 0 0 131.173 17818.2 0 0 0 -10.9999 1.77411 149.95 1.57599 13.6589 
17.4256 -2.27009 18000 0.0123343 -0.450029 60.872 150.599 211 362739 1 1 1 0 0 0 0 0 0 136.679 17871.5 0 0 0 6.5539 1.18143 149.95 1.48499 12.6975 
-20.7993 -0.422385 18000 2.26367 -0.476647 67.257 138.099 211 371878 1 1 1 0 0 0 0 0 0 123.028 17783.9 0 0 0 14.0609 2.31709 149.95 1.5163 15.3772 
16.5326 4.15795 18000 2.22224 1.22843 62.7822 146.278 211 373035 1 1 1 0 0 0 0 0 0 132.045 17821.4 0 0 0 12.9564 -3.96115 149.95 1.4692 13.4916 
0.824447 6.31092 18000 1.2081 -0.353957 70.3853 134.085 211 374319 1 1005 1 0 0 0 0 0 0 118.111 17859.6 0 0 0 23.4713 15.4506 149.95 1.79984 16.7484 
26.7602 5.29641 18000 -0.755112 -0.142236 62.9757 146.194 211 374494 1 1 1 0 0 0 0 0 0 131.832 17834.3 0 0 0 28.0035 5.81035 149.95 1.56099 13.5519 
-5.23758 34.2173 18000 0.270515 -2.36604 68.5376 136.317 211 375991 1 1 1 0 0 0 0 0 0 120.967 17819.1 0 0 0 0.208229 8.84987 149.95 1.53623 15.9384 
-0.77794 4.41578 18000 -2.29605 -2.26495 67.5179 138.074 211 377077 1 1 1 0 0 0 0 0 0 122.746 17821.7 0 0 0 1.24489 6.67378 149.95 1.68994 15.5069 
18.1302 -16.5138 18000 1.16664 -4.19569 62.1704 147.557 211 379888 1 1 1 0 0 0 0 0 0 133.25 17837.8 0 0 0 7.63566 3.81669 149.95 1.62552 13.2825 
27.34 34.9572 18000 3.01858 3.41137 63.5392 144.667 211 381049 1 1 1 0 0 0 0 0 0 130.22 17818.1 0 0 0 14.51 3.38048 149.95 1.5244 13.8502 
-19.3863 10.2965 18000 2.15056 2.37255 68.5291 136.001 211 382380 1 1 1 0 0 0 0 0 0 120.738 17791.8 0 0 0 9.20036 8.30999 149.95 1.46607 15.9493 
13.9777 5.12056 18000 2.50821 -2.64697 66.7026 139.191 211 382493 1 1 1 0 0 0 0 0 0 124.083 17804.5 0 0 0 17.429 10.6007 149.95 1.62752 15.163 
-13.9896 -12.0378 18000 1.12874 1.8486 68.3085 136.35 211 383239 1 1 1 0 0 0 0 0 0 121.165 17786.8 0 0 0 7.29505 1.69322 149.95 1.43887 15.8344 
-25.3311 -28.3186 18000 -2.50491 -2.63592 60.8107 150.622 211 383801 1 1 1 0 0 0 0 0 0 136.509 17862.6 0 0 0 11.4502 1.24666 149.95 1.67586 12.7157 
-21.2927 16.172 18000 -0.0314457 -0.72579 66.4757 139.498 211 385089 1 1 1 0 0 0 0 0 0 124.522 17781.3 0 0 0 0.680312 6.21753 149.95 1.57135 15.0241 
-2.20646 -5.25536 18000 -0.951781 0.763475 66.3545 139.578 211 385210 1 1 1 0 0 0 0 0 0 124.744 17782.4 0 0 0 -4.55051 1.9999 149.95 1.44986 14.9751 
0.0811688 5.97048 18000 -1.2853 -1.6563 66.0139 140.354 211 385611 1 1 1 0 0 0 0 0 0 125.351 17783.2 0 0 0 6.3902 -3.45643 149.95 1.67681 14.8386 
3.27939 -7.69667 18000 0.457179 -2.62099 63.4345 145.152 211 394239 1 1 1 0 0 0 0 0 0 130.48 17794.3 0 0 0 24.3276 -5.65339 149.95 1.80535 13.7623 
-4.93204 -13.3539 18000 1.13366 0.218045 68.964 135.801 211 396818 1 1 1 0 0 0 0 0 0 120.24 17814 0 0 0 19.8766 -0.0578179 149.95 1.67936 16.1128 
4.58048 -0.544376 18000 -1.33815 0.822265 65.7969 140.852 211 397788 1 1 1 0 0 0 0 0 0 125.781 17781.7 0 0 0 6.46782 5.39618 149.95 1.78738 14.7397 
8.26179 -41.7342 18000 2.43699 -3.85325 63.8558 144.019 211 401304 1 1 1 0 0 0 0 0 0 129.521 17810.3 0 0 0 13.4432 -4.06363 149.95 1.52323 13.9817 
13.9943 0.246814 18000 0.309241 -0.551484 62.655 146.639 211 405938 1 1 1 0 0 0 0 0 0 132.332 17810.3 0 0 0 19.6994 0.685027 149.95 1.58238 13.4196 
8.45251 -7.34196 18000 -1.48592 -2.824 66.2431 139.922 211 408899 1 1 1 0 0 0 0 0 0 125.002 17807 0 0 0 31.3089 11.1687 149.95 1.52504 14.9555 
-27.9238 1.08955 18000 -3.30832 0.0475832 60.566 151.263 211 414572 1 1 1 0 0 0 0 0 0 137.045 17855.3 0 0 0 11.5524 -1.09285 149.95 1.83597 12.6107 
28.9135 -23.8083 18000 -0.0721083 0.333258 65.6556 141.108 211 415176 1 1 1 0 0 0 0 0 0 126.221 17800.7 0 0 0 36.2386 -7.59211 149.95 1.61896 14.6719 
-20.8368 -0.891123 18000 1.1103 -0.413448 69.0108 135.476 211 416813 1 1004 1 0 0 0 0 0 0 120.119 17808.2 0 0 0 4.77293 5.89076 149.95 1.4716 16.1338 
-29.7465 16.9311 18000 1.18242 -0.215874 68.5726 136.22 211 420954 1 1 1 0 0 0 0 0 0 120.842 17801.8 0 0 0 5.7573 8.76247 149.95 1.57679 15.9402 
20.371 3.97298 18000 -0.283931 0.227259 62.7081 146.663 211 421191 1 1 1 0 0 0 0 0 0 132.293 17819.5 0 0 0 23.1028 5.40016 149.95 1.63074 13.4405 
-3.05444 33.9362 18000 -2.10086 -2.19576 69.6005 134.623 211 422054 1 1 1 0 0 0 0 0 0 118.96 17801.4 0 0 0 14.8299 9.47333 149.95 1.66677 16.4212 
-22.1543 8.06189 18000 0.292316 -0.314259 65.228 141.722 211 424758 1 1 1 0 0 0 0 0 0 126.88 17777.3 0 0 0 5.26056 7.74482 149.95 1.66883 14.4906 
-2.43972 3.37894 18000 0.265126 -2.43935 65.2594 141.765 211 425389 1 1 1 0 0 0 0 0 0 126.787 17785 0 0 0 21.0841 -9.12207 149.95 1.78564 14.5228 
24.3081 -12.3929 18000 -1.08916 1.32945 68.9609 135.828 211 426310 1 1 1 0 0 0 0 0 0 120.35 17832.5 0 0 0 -0.0859774 -7.12211 149.95 1.58064 16.1167 
11.2482 2.01959 18000 0.752619 -1.07715 63.4975 144.937 211 431054 1 1 1 0 0 0 0 0 0 130.459 17797.2 0 0 0 24.0934 0.54804 149.95 1.60658 13.7709 
34.163 12.0856 18000 3.45864 2.02627 64.0174 143.949 211 431837 1 1 1 0 0 0 0 0 0 129.456 17836 0 0 0 20.1552 -8.30233 149.95 1.47669 14.0337 
30.4033 -15.4291 18000 -1.28234 -0.398238 64.0187 144.104 211 432353 1 1 1 0 0 0 0 0 0 129.578 17822.2 0 0 0 37.9375 -1.7744 149.95 1.54011 13.9877 
15.1928 -33.5893 18000 -0.333625 -0.612269 67.7158 137.321 211 433605 1 1 1 0 0 0 0 0 0 122.098 17760.3 0 0 0 37.9819 -11.5131 149.95 1.60929 15.5612 
30.3458 18.5509 18000 -0.97898 -0.524787 68.6456 136.259 211 434406 1 1 1 0 0 0 0 0 0 120.931 17833.5 0 0 0 -3.9937 1.28538 149.95 1.48875 15.9717 
-11.8033 15.8971 18000 2.46524 1.95088 65.1706 141.466 211 434833 1 1 1 0 0 0 0 0 0 126.938 17790.1 0 0 0 -3.86862 2.893 149.95 1.34225 14.4978 
5.64843 -6.537 18000 -1.13701 -1.56247 62.8434 146.34 211 438651 1 1003 1 0 0 0 0 0 0 131.818 17802 0 0 0 22.1585 -4.36978 149.95 1.76426 13.5078 
3.33006 -7.95391 18000 -2.06494 1.69725 67.4317 138.023 211 438922 1 1 1 0 0 0 0 0 0 122.918 17817.6 0 0 0 -6.99011 -2.96164 149.95 1.48987 15.4589 
4.88182 -19.3896 18000 1.71645 3.34764 69.5656 134.378 211 443026 1 1 1 0 0 0 0 0 0 119.029 17811.9 0 0 0 8.53406 -10.4743 149.95 1.34368 16.4214 
-1.31239 -1.08511 18000 2.26035 -0.520167 66.2653 139.909 211 444487 1 1 1 0 0 0 0 0 0 124.866 17783.8 0 0 0 33.231 1.60984 149.95 1.66811 14.9494 
24.5429 -3.96298 18000 2.82305 -0.34862 62.9816 145.923 211 445605 1 1 1 0 0 0 0 0 0 131.709 17836.1 0 0 0 17.2796 -2.04448 149.95 1.40051 13.5788 
16.1729 0.878976 18000 -1.16974 1.03906 67.3796 138.102 211 449944 1 1 1 0 0 0 0 0 0 122.919 17794.8 0 0 0 4.45044 3.11001 149.95 1.60129 15.4211 
5.89367 -2.03795 18000 -0.744934 0.4074 65.5281 141.175 211 451308 1 1 1 0 0 0 0 0 0 126.272 17774.6 0 0 0 10.4882 2.78039 149.95 1.67683 14.6196 
-10.431 -7.57002 18000 -1.67127 -1.20927 61.2192 149.857 211 453717 1 1 1 0 0 0 0 0 0 135.515 17830 0 0 0 7.9518 1.09133 149.95 1.86464 12.8499 
4.83652 2.37389 18000 0.465506 -1.58616 63.4696 144.979 211 453853 1 1 1 0 0 0 0 0 0 130.454 17791 0 0 0 19.1944 -1.73626 149.95 1.66119 13.7627 
-21.1324 37.5048 18000 0.477564 0.654557 68.5526 135.904 211 454164 1 1 1 0 0 0 0 0 0 120.579 17756.3 0 0 0 35.4424 10.8985 149.95 1.56363 15.9288 
29.8509 -3.66568 18000 -2.00539 -0.872038 68.1586 137.038 211 456266 1 1 1 0 0 0 0 0 0 121.756 17834.6 0 0 0 -5.30507 5.79051 149.95 1.52614 15.7689 
18.1368 8.13655 18000 -0.630684 -0.22429 68.1528 136.827 211 457628 1 1 1 0 0 0 0 0 0 121.69 17815 0 0 0 -7.61241 2.47937 149.95 1.40327 15.7524 
-13.5165 -10.9307 18000 0.859142 -2.32193 63.128 145.61 211 458922 1 1 1 0 0 0 0 0 0 131.267 17813.2 0 0 0 -6.64018 4.04414 149.95 1.52097 13.6327 
-11.436 15.4684 18000 0.302457 0.637457 69.4217 134.675 211 461300 1 1 1 0 0 0 0 0 0 119.346 17797.3 0 0 0 1.7325 1.54993 149.95 1.37902 16.3135 
7.05757 -26.6581 18000 1.49507 0.741984 67.476 137.971 211 465754 1 1 1 0 0 0 0 0 0 122.679 17786.1 0 0 0 44.4513 0.413724 149.95 1.69964 15.4641 
7.83998 -28.9116 18000 1.48049 -7.12325 68.9893 135.562 211 467854 1 1 1 0 0 0 0 0 0 119.814 17853.3 0 0 0 34.2048 0.45983 149.95 1.7646 16.2897 
10.9477 2.55161 18000 0.153271 1.11745 61.2853 149.607 211 472899 1 1 1 0 0 0 0 0 0 135.558 17847.8 0 0 0 7.75775 0.566735 149.95 1.55183 12.8667 
14.5866 -13.8035 18000 -2.00042 -0.622057 63.1786 145.783 211 473027 1 1 1 0 0 0 0 0 0 131.319 17830.6 0 0 0 30.235 -5.6737 149.95 1.62297 13.6478 
29.0561 25.0038 18000 2.55748 3.69102 62.8619 145.96 211 479062 1 1 1 0 0 0 0 0 0 131.659 17822.6 0 0 0 -2.16914 -4.02709 149.95 1.50127 13.569 
-6.4115 -4.25643 18000 -0.871416 1.03808 64.5436 142.85 211 482001 1 1 1 0 0 0 0 0 0 128.185 17775.1 0 0 0 4.89705 0.770043 149.95 1.61687 14.2074 
8.22814 1.48262 18000 -0.15918 -0.602802 67.6028 137.696 211 483759 1 1 1 0 0 0 0 0 0 122.511 17790.4 0 0 0 7.54153 -5.23513 149.95 1.56993 15.5116 
-16.5712 -0.372965 18000 1.17537 1.73378 65.3939 141.3 211 485816 1 1 1 0 0 0 0 0 0 126.52 17780.6 0 0 0 4.80835 7.12077 149.95 1.56869 14.5745 
4.07986 -15.2105 18000 1.54762 -2.39604 63.8376 144.177 211 485938 1 1 1 0 0 0 0 0 0 129.443 17767.1 0 0 0 33.1228 -2.32345 149.95 1.81237 13.933 
17.9785 -29.9647 18000 -0.0851496 0.717567 69.1839 135.395 211 491850 1 1 1 0 0 0 0 0 0 120.011 17835.3 0 0 0 -2.02246 -4.70983 149.95 1.44707 16.2078 
-6.96926 -27.7563 18000 -1.91779 3.4054 69.1776 135.52 211 494764 1 1 1 0 0 0 0 0 0 119.99 17858 0 0 0 3.85652 -1.43965 149.95 1.55666 16.2523 
13.7603 0.602223 18000 0.243346 0.252325 66.8136 139.154 211 496554 1 1 1 0 0 0 0 0 0 123.896 17781 0 0 0 25.9327 2.24421 149.95 1.79357 15.1684 
9.65208 -17.8161 18000 1.6365 -1.75468 61.2575 149.706 211 497727 1 1 1 0 0 0 0 0 0 135.626 17859.2 0 0 0 -2.38263 0.164546 149.95 1.57411 12.8702 
-6.13766 -2.78306 18000 1.18769 -1.2777 64.3892 143.326 211 498574 1 1 1 0 0 0 0 0 0 128.589 17791.2 0 0 0 15.6263 -8.28976 149.95 1.70314 14.1466 
2.60934 -11.1109 18000 -0.664347 1.66943 66.1654 140.086 211 500170 1 1 1 0 0 0 0 0 0 125.056 17779.7 0 0 0 10.5934 2.37384 149.95 1.67948 14.8997 
-23.9639 -3.99934 18000 0.249597 -0.292782 66.8663 138.851 211 503373 1 1 1 0 0 0 0 0 0 123.795 17780.6 0 0 0 3.50115 -8.30352 149.95 1.58215 15.1912 
35.9527 0.202649 18000 3.80137 0.079554 62.7033 146.422 211 503588 1 1 1 0 0 0 0 0 0 132.309 17852.7 0 0 0 13.0635 -0.103321 149.95 1.33016 13.4853 
-23.3004 27.1159 18000 -2.77416 2.70514 61.7828 148.453 211 505671 1 1 1 0 0 0 0 0 0 134.193 17843.5 0 0 0 21.0215 -5.22845 149.95 1.65231 13.1124 
-19.1135 -12.2315 18000 -0.884852 2.39195 64.768 142.401 211 507001 1 1 1 0 0 0 0 0 0 127.742 17785.3 0 0 0 -1.7181 -5.16474 149.95 1.55528 14.3169 
22.082 -18.1042 18000 2.71771 -2.72785 63.7338 144.26 211 507276 1 1 1 0 0 0 0 0 0 129.801 17801.9 0 0 0 9.86758 -2.50065 149.95 1.52129 13.9116 
-13.5106 -0.642535 18000 -0.832712 0.410972 63.3076 145.246 211 508779 1 1 1 0 0 0 0 0 0 130.783 17786.2 0 0 0 -0.788674 -0.745895 149.95 1.63535 13.6896 
7.95775 0.930776 18000 1.31956 4.64955 65.0366 141.749 211 510342 1 1 1 0 0 0 0 0 0 127.084 17802.2 0 0 0 -4.13918 -5.3952 149.95 1.47569 14.4849 
21.5175 -0.375928 18000 -0.552721 0.551017 67.1957 138.55 211 513520 1 1 1 0 0 0 0 0 0 123.253 17790.8 0 0 0 13.3276 0.949271 149.95 1.75493 15.3353 
-20.9425 0.135841 18000 2.0479 0.763398 67.5086 137.733 211 520725 1 1 1 0 0 0 0 0 0 122.588 17785.4 0 0 0 11.8998 2.22887 149.95 1.54462 15.4847 
-11.8176 -6.3242 18000 1.56983 2.79176 68.3461 136.198 211 526201 1 1 1 0 0 0 0 0 0 121.066 17792.6 0 0 0 -0.457424 7.22223 149.95 1.36755 15.8688 
15.0622 19.205 18000 -1.24855 -1.61884 68.0247 137.448 211 529353 1 1 1 0 0 0 0 0 0 121.919 17822.3 0 0 0 7.00068 7.45701 149.95 1.80682 15.7082 
32.5484 -4.25557 18000 -1.88516 -1.04437 68.9174 135.713 211 531454 1 1 1 0 0 0 0 0 0 120.504 17847.3 0 0 0 -12.001 2.60902 149.95 1.30588 16.1028 
-30.0552 10.5172 18000 0.0308704 -0.11855 62.4597 147.083 211 541268 1 1 1 0 0 0 0 0 0 132.873 17826.5 0 0 0 -15.257 -2.26113 149.95 1.51176 13.3385 
-4.56628 22.73 18000 2.09323 2.06519 64.8305 142.516 211 542700 1 1 1 0 0 0 0 0 0 127.5 17773.1 0 0 0 28.4625 7.90657 149.95 1.90722 14.3502 
6.68376 -23.8069 18000 -1.85235 -2.05362 63.2946 145.454 211 544802 1 1 1 0 0 0 0 0 0 130.954 17820.8 0 0 0 30.0931 -4.59593 149.95 1.64027 13.7064 
38.7785 -3.09649 18000 1.45644 0.110596 64.028 144.247 211 546957 1 1 1 0 0 0 0 0 0 129.831 17860.3 0 0 0 37.6025 1.7459 149.95 1.39956 13.9927 
26.4713 35.305 18000 -1.92617 1.00708 70.5315 133.107 211 547462 1 1 1 0 0 0 0 0 0 117.491 17808.3 0 0 0 -0.794157 -9.42675 149.95 1.45313 16.8244 
-5.60364 9.82684 18000 0.23377 0.350474 67.1036 138.676 211 548208 1 1 1 0 0 0 0 0 0 123.383 17784.4 0 0 0 17.7672 11.4695 149.95 1.7725 15.294 
-3.44227 -2.87289 18000 0.34727 2.54843 65.0033 142.232 211 548835 1 1 1 0 0 0 0 0 0 127.289 17786.6 0 0 0 18.9252 8.15715 149.95 1.79582 14.4164 
24.5001 0.0612126 18000 2.6335 -0.0416664 60.2464 151.998 211 549055 1 1 1 0 0 0 0 0 0 138.25 17907.6 0 0 0 -12.9746 -1.58847 149.95 1.39616 12.4706 
-4.99384 -16.0728 18000 1.05804 2.84615 67.3609 137.81 211 549840 1 1 1 0 0 0 0 0 0 122.812 17787.7 0 0 0 3.23311 0.95161 149.95 1.41603 15.4348 
35.9525 2.22919 18000 2.36225 0.612625 64.8902 142.782 211 550325 1 1 1 0 0 0 0 0 0 128.208 17882.6 0 0 0 38.76 -5.92495 149.95 1.37676 14.3666 
6.59077 -3.84983 18000 2.26096 -1.89143 65.0671 141.863 211 555019 1 1 1 0 0 0 0 0 0 127.098 17781.8 0 0 0 19.3725 -1.05988 149.95 1.60524 14.4501 
-31.7239 -20.8487 18000 -2.2446 4.95125 67.1048 138.643 211 555116 1 1 1 0 0 0 0 0 0 123.297 17830.2 0 0 0 33.9663 -11.1012 149.95 1.75019 15.3893 
39.7462 0.3597 18000 0.489485 0.0332427 63.0316 146.102 211 556857 1 1 1 0 0 0 0 0 0 131.896 17857.9 0 0 0 28.5761 -0.187196 149.95 1.37885 13.5737 
-14.0035 4.2241 18000 1.29063 -0.320687 64.021 143.874 211 557681 1 1 1 0 0 0 0 0 0 129.343 17790.5 0 0 0 6.58589 5.28949 149.95 1.56703 13.9886 
-12.7451 20.7814 18000 -0.750988 -3.62738 66.4758 139.738 211 558523 1 1 1 0 0 0 0 0 0 124.494 17803.8 0 0 0 8.49948 9.43393 149.95 1.80418 15.0668 
7.19409 21.3647 18000 -0.33274 3.90389 61.6759 148.732 211 559733 1 1 1 0 0 0 0 0 0 134.567 17863.2 0 0 0 18.0257 -4.44024 149.95 1.56288 13.0703 
1.39484 -5.71552 18000 -1.06858 -1.56965 61.7143 148.697 211 560656 1 1 1 0 0 0 0 0 0 134.398 17824.4 0 0 0 13.7983 2.41402 149.95 1.73438 13.0473 
-24.0741 12.7873 18000 -2.2183 4.92402 65.7622 140.825 211 563645 1 1 1 0 0 0 0 0 0 125.743 17821.6 0 0 0 27.9334 -10.9286 149.95 1.73883 14.8114 
14.3229 -16.8762 18000 -2.24099 -1.24362 63.9719 144.166 211 565332 1 1 1 0 0 0 0 0 0 129.46 17803.4 0 0 0 38.3851 -2.47306 149.95 1.73479 13.9837 
-30.9815 8.81895 18000 -2.64777 1.89444 63.1278 145.68 211 568053 1 1 1 0 0 0 0 0 0 131.082 17797.9 0 0 0 -1.07752 -1.52723 149.95 1.78133 13.6472 
3.48265 22.0916 18000 2.40263 3.17654 64.8657 142.001 211 572517 1 1 1 0 0 0 0 0 0 127.433 17788.6 0 0 0 3.44136 2.30505 149.95 1.43118 14.3884 
26.0435 -20.3077 18000 -0.771196 2.59343 67.3297 138.56 211 578108 1 1 1 0 0 0 0 0 0 123.087 17815.5 0 0 0 49.973 3.07296 149.95 1.87832 15.4152 
35.9094 25.5354 18000 0.919557 -1.4471 66.7982 139.388 211 589259 1 1 1 0 0 0 0 0 0 124.082 17809.2 0 0 0 57.1723 0.459237 149.95 1.81896 15.1708 
-20.8411 6.20676 18000 -1.33497 -1.91587 64.4115 142.981 211 589564 1 1 1 0 0 0 0 0 0 128.462 17785 0 0 0 -7.12403 3.02338 149.95 1.48217 14.1638 
4.13877 23.9013 18000 -0.0456821 -0.794592 69.1797 135.175 211 594572 1 1 1 0 0 0 0 0 0 119.988 17830.9 0 0 0 -10.737 4.41504 149.95 1.25477 16.2063 
14.766 13.1228 18000 2.56789 2.57561 63.6961 144.337 211 595488 1 1 1 0 0 0 0 0 0 129.928 17805.4 0 0 0 2.54786 -4.85442 149.95 1.47805 13.8907 
32.5399 -6.53958 18000 -0.33183 0.0723213 68.6061 136.366 211 597696 1 1 1 0 0 0 0 0 0 120.959 17825.2 0 0 0 3.82564 -0.0439967 149.95 1.58358 15.9507 
8.30513 -6.15257 18000 -1.56463 0.280145 66.5875 139.429 211 602317 1 1 1 0 0 0 0 0 0 124.373 17794 0 0 0 -1.95933 -3.21625 149.95 1.61913 15.0787 
-6.96471 4.92368 18000 -0.0372391 -1.28211 63.078 145.8 211 603567 1 1 1 0 0 0 0 0 0 131.3 17793.5 0 0 0 8.15595 4.16645 149.95 1.70851 13.5974 
28.5485 4.93657 18000 0.282471 0.635511 63.0084 146.038 211 607481 1 1 1 0 0 0 0 0 0 131.757 17833.1 0 0 0 25.7794 3.31773 149.95 1.47589 13.565 
7.22775 -2.08643 18000 1.35428 -2.12116 63.6007 144.623 211 607864 1 1 1 0 0 0 0 0 0 130.16 17795.3 0 0 0 16.4468 -3.02537 149.95 1.5671 13.8287 
-12.644 16.394 18000 0.603601 -1.83583 68.2164 136.526 211 610652 1 1 1 0 0 0 0 0 0 121.34 17786.7 0 0 0 5.2354 -1.69541 149.95 1.45711 15.7909 
-0.627917 8.36007 18000 2.64991 1.76524 67.0841 138.433 211 611481 1 1 1 0 0 0 0 0 0 123.272 17782.8 0 0 0 29.1175 2.13134 149.95 1.63183 15.3177 
18.9873 1.71132 18000 0.844787 1.10355 62.0057 148.005 211 611531 1 1 1 0 0 0 0 0 0 133.931 17842.2 0 0 0 14.4819 -1.92703 149.95 1.44619 13.1599 
-0.350682 -4.66993 18000 2.46269 -0.541173 63.6558 144.406 211 620103 1 1 1 0 0 0 0 0 0 130.061 17797.2 0 0 0 6.24293 -2.28453 149.95 1.4374 13.8516 
-21.708 15.4338 18000 -3.13376 2.52339 65.1329 141.915 211 622933 1 1004 1 0 0 0 0 0 0 126.949 17794.5 0 0 0 10.1753 -7.78297 149.95 1.77501 14.5023 
1.0931 2.6553 18000 -0.0736518 0.803381 63.3248 145.473 211 625807 1 1 1 0 0 0 0 0 0 130.813 17794.6 0 0 0 16.5227 5.17145 149.95 1.82306 13.696 
-17.4467 -26.4939 18000 -2.78074 -2.31028 62.7316 146.575 211 626277 1 1 1 0 0 0 0 0 0 131.966 17811.3 0 0 0 24.839 -4.75144 149.95 1.85253 13.4924 
-1.53049 -37.2702 18000 0.532433 0.803115 69.9397 134.137 211 628556 1 1 1 0 0 0 0 0 0 118.78 17845.8 0 0 0 -6.71826 -3.88662 149.95 1.27628 16.5462 
-9.13218 10.7701 18000 -1.215 -1.08923 65.8019 140.444 211 630200 1 1 1 0 0 0 0 0 0 125.767 17781.4 0 0 0 -6.85057 3.73744 149.95 1.3924 14.7425 
32.5904 -6.31561 18000 -0.407306 -0.724753 63.5514 144.995 211 631524 1 1 1 0 0 0 0 0 0 130.554 17822.9 0 0 0 34.6111 -0.375004 149.95 1.54255 13.7899 
20.6206 -18.2446 18000 2.77295 -1.78116 61.8152 148.231 211 631854 1 1 1 0 0 0 0 0 0 134.213 17845.8 0 0 0 -4.32959 0.654139 149.95 1.40914 13.1119 
10.4586 6.88854 18000 -1.2973 -0.50614 67.3148 138.029 211 635974 1 1 1 0 0 0 0 0 0 123.103 17803.3 0 0 0 -11.0119 1.97811 149.95 1.35045 15.3913 
-12.4214 25.3186 18000 0.979603 -1.21903 69.9185 134.362 211 636741 1 1 1 0 0 0 0 0 0 118.722 17834.5 0 0 0 5.68879 8.32508 149.95 1.56857 16.5416 
-6.79701 -0.615108 18000 -0.445886 -0.102239 63.5304 144.862 211 637092 1 1 1 0 0 0 0 0 0 130.293 17780.5 0 0 0 7.22964 -1.50437 149.95 1.70432 13.7796 
21.4747 10.3288 18000 -0.609562 -1.40572 64.5462 143.227 211 639699 1 1 1 0 0 0 0 0 0 128.428 17810.7 0 0 0 31.824 7.63996 149.95 1.72353 14.2102 
33.9033 7.85983 18000 0.409031 -0.618311 63.4118 145.373 211 645497 1 1 1 0 0 0 0 0 0 131.009 17845.5 0 0 0 28.1489 3.99349 149.95 1.47486 13.7316 
0.342854 -4.03474 18000 1.07292 0.0916387 67.8639 137.484 211 647198 1 1 1 0 0 0 0 0 0 122.053 17793.9 0 0 0 30.1935 -3.522 149.95 1.76458 15.6281 
-5.11167 -13.5133 18000 1.36233 2.91556 67.7344 137.128 211 648179 1 1 1 0 0 0 0 0 0 122.146 17791.2 0 0 0 -1.3444 3.47508 149.95 1.32904 15.6012 
17.678 0.600502 18000 1.21261 0.316815 62.8765 146.212 211 648829 1 1 1 0 0 0 0 0 0 131.95 17824.2 0 0 0 21.4576 0.531167 149.95 1.48579 13.5143 
30.676 -11.5039 18000 -1.68636 0.943466 66.5774 139.666 211 649762 1 1 1 0 0 0 0 0 0 124.366 17792.6 0 0 0 39.4187 0.0846036 149.95 1.86397 15.0782 
25.8525 25.7765 18000 0.413277 -2.23795 65.8638 140.812 211 654139 1 1 1 0 0 0 0 0 0 125.861 17816.6 0 0 0 39.3126 10.3058 149.95 1.62553 14.777 
-1.13537 31.7585 18000 -1.78603 -2.51527 69.0035 135.617 211 657074 1 1 1 0 0 0 0 0 0 120.086 17816.5 0 0 0 9.5527 7.66091 149.95 1.6302 16.1566 
2.22511 -6.16586 18000 -0.089984 -2.86361 63.3757 145.276 211 657250 1 1 1 0 0 0 0 0 0 130.622 17799.6 0 0 0 20.5441 -3.40601 149.95 1.79357 13.7417 
-4.78785 16.1254 18000 -0.230165 1.11666 70.0032 133.705 211 657390 1 1 1 0 0 0 0 0 0 118.28 17787.5 0 0 0 0.994411 5.94558 149.95 1.37727 16.5759 
-13.3311 -0.697817 18000 -1.16125 0.377544 63.9539 143.941 211 658917 1 1 1 0 0 0 0 0 0 129.413 17780.8 0 0 0 -3.33093 -0.536788 149.95 1.58385 13.9597 
23.1926 -22.2505 18000 1.561 4.75893 68.0631 136.911 211 662828 1 1 1 0 0 0 0 0 0 121.597 17825.2 0 0 0 15.221 -11.6806 149.95 1.55529 15.7923 
-18.0404 0.552959 18000 -0.641522 -0.199204 63.4704 144.89 211 663470 1 1 1 0 0 0 0 0 0 130.451 17785.7 0 0 0 -4.12147 0.348276 149.95 1.58164 13.7555 
27.4202 1.09954 18000 2.46509 -0.155796 65.462 141.631 211 664666 1 1 1 0 0 0 0 0 0 126.773 17838.3 0 0 0 52.2111 0.904683 149.95 1.58922 14.609 
17.1695 15.1777 18000 3.26709 2.04518 65.1703 141.657 211 666736 1 1 1 0 0 0 0 0 0 126.874 17791.3 0 0 0 24.387 0.0293461 149.95 1.59042 14.5137 
-9.07532 3.40918 18000 0.792899 0.974182 61.9705 148.056 211 667650 1 1 1 0 0 0 0 0 0 133.867 17822.8 0 0 0 -3.44049 -1.43824 149.95 1.58204 13.1445 
24.6345 -21.3014 18000 2.78981 -2.8915 64.0085 143.927 211 669036 1 1 1 0 0 0 0 0 0 129.28 17809.5 0 0 0 14.5154 -6.24234 149.95 1.65073 14.0302 
34.5751 30.8324 18000 2.84953 4.88174 66.137 139.724 211 670541 1 1 1 0 0 0 0 0 0 124.783 17791.3 0 0 0 13.3076 1.55412 149.95 1.54798 14.9804 
-14.4183 -2.05486 18000 1.3552 0.0468879 71.0586 132.666 211 672323 1 1 1 0 0 0 0 0 0 117.159 17885.4 0 0 0 -8.94116 -1.19187 149.95 1.19265 17.0536 
2.65903 3.04197 18000 0.953395 -0.997401 66.5053 139.535 211 674115 1 1 1 0 0 0 0 0 0 124.408 17775.7 0 0 0 32.6222 0.376495 149.95 1.7196 15.0413 
-1.32673 7.15539 18000 -1.8091 0.624676 60.271 152.027 211 675112 1 1 1 0 0 0 0 0 0 138.124 17890.6 0 0 0 6.5772 -1.11204 149.95 1.56242 12.4696 
0.218288 -3.15889 18000 -0.530098 1.51753 68.4443 136.266 211 675922 1 1 1 0 0 0 0 0 0 120.931 17783.7 0 0 0 5.74136 6.32518 149.95 1.56953 15.8874 
-21.8696 -36.3365 18000 -2.19485 3.4769 69.5859 134.586 211 676450 1 1 1 0 0 0 0 0 0 119.044 17824.3 0 0 0 3.99948 -3.27225 149.95 1.52045 16.4392 
41.5291 11.093 18000 4.24366 -2.40511 66.552 139.159 211 684738 1 1 1 0 0 0 0 0 0 124.131 17792.3 0 0 0 33.3306 -0.889566 149.95 1.57063 15.1321 
33.3552 -27.6469 18000 -2.12029 1.4322 70.9422 132.344 211 689815 1 1 1 0 0 0 0 0 0 116.567 17774.2 0 0 0 28.9989 -2.01788 149.95 1.56556 17.0158 
-1.72893 -15.6742 18000 -0.186007 2.71414 66.6031 139.299 211 691274 1 1 1 0 0 0 0 0 0 124.176 17779.7 0 0 0 14.8219 3.42227 149.95 1.68674 15.1011 
-3.42842 0.33068 18000 1.59762 -0.706476 66.6689 139.273 211 693638 1 1 1 0 0 0 0 0 0 124.114 17779.6 0 0 0 31.8732 -0.346908 149.95 1.71741 15.1154 
15.1756 4.47111 18000 0.0835175 1.13873 63.4454 145.235 211 694824 1 1 1 0 0 0 0 0 0 130.668 17810.2 0 0 0 24.0118 6.85114 149.95 1.69574 13.748 
-23.111 -4.45218 18000 -0.511807 -5.70661 64.9822 141.769 211 696389 1 1 1 0 0 0 0 0 0 127.149 17816.3 0 0 0 -9.45 6.48807 149.95 1.41695 14.4927 
38.0474 -14.3688 18000 1.69028 -3.63392 62.3043 147.367 211 703815 1 1 1 0 0 0 0 0 0 133.297 17875.7 0 0 0 14.0891 1.81122 149.95 1.34214 13.3276 
-22.6631 13.793 18000 1.42869 -1.23751 67.3439 138.047 211 704351 1 1 1 0 0 0 0 0 0 122.95 17792.1 0 0 0 3.91935 9.18869 149.95 1.52221 15.4092 
28.8174 9.05642 18000 2.08245 2.29995 63.5801 144.742 211 705039 1 1 1 0 0 0 0 0 0 130.406 17830.6 0 0 0 24.9267 0.264444 149.95 1.41241 13.8309 
-22.0981 -33.6267 18000 0.955158 0.696669 69.7472 134.41 211 705471 1 1 1 0 0 0 0 0 0 118.948 17822.8 0 0 0 0.36798 -5.93712 149.95 1.4326 16.4616 
-9.47433 1.708 18000 1.5032 -0.453055 69.9912 134.419 211 708967 1 1 1 0 0 0 0 0 0 118.677 17846.3 0 0 0 23.893 12.0456 149.95 1.64855 16.5742 
5.91286 32.5135 18000 0.158185 -2.54704 68.2591 136.982 211 718074 1 1 1 0 0 0 0 0 0 121.453 17819.6 0 0 0 14.2659 9.8031 149.95 1.76404 15.8185 
-27.4894 -3.76643 18000 -2.83305 -1.00058 64.1819 143.36 211 719104 1 1 1 0 0 0 0 0 0 128.947 17796.2 0 0 0 -13.4809 -0.229078 149.95 1.40496 14.0794 
-37.7395 16.7476 18000 0.741555 0.96084 70.1758 133.508 211 719669 1 1 1 0 0 0 0 0 0 118.041 17795.7 0 0 0 1.21871 10.2009 149.95 1.38202 16.6539 
0.686257 0.107433 18000 0.171585 -0.478525 62.7285 146.442 211 721692 1 1 1 0 0 0 0 0 0 132.084 17797.5 0 0 0 12.4354 -0.122594 149.95 1.62967 13.4493 
-3.99876 21.5983 18000 -0.729462 -1.12322 67.4676 137.759 211 724806 1 1 1 0 0 0 0 0 0 122.795 17798.8 0 0 0 -8.81507 3.60619 149.95 1.36389 15.4573 
0.816511 4.84468 18000 -0.539996 -1.7564 66.1103 140.333 211 724946 1 1 1 0 0 0 0 0 0 125.161 17780.1 0 0 0 17.4107 -9.46381 149.95 1.83097 14.8765 
-6.62733 -27.4768 18000 -0.427137 4.59396 68.28 136.668 211 732320 1 1 1 0 0 0 0 0 0 121.246 17823 0 0 0 11.0791 -12.0663 149.95 1.6301 15.8753 
5.31027 7.16904 18000 -1.14049 3.20328 63.5572 145.018 211 732779 1 1 1 0 0 0 0 0 0 130.495 17840.5 0 0 0 28.5606 -8.16627 149.95 1.59481 13.8277 
20.1181 3.7912 18000 2.21428 -4.11245 67.1934 137.933 211 734283 1 1 1 0 0 0 0 0 0 122.994 17794.5 0 0 0 0.324385 -1.12881 149.95 1.36534 15.4027 
-22.5089 3.13421 18000 -2.61819 1.66193 64.9225 142.057 211 734617 1 1 1 0 0 0 0 0 0 127.428 17790.3 0 0 0 -9.1944 -2.1852 149.95 1.48914 14.3921 
1.66507 -2.15275 18000 0.239855 0.665899 62.4056 147.173 211 734716 1 1 1 0 0 0 0 0 0 132.842 17808.1 0 0 0 10.8945 -2.01283 149.95 1.65437 13.318 
20.0148 1.05388 18000 2.01133 0.14538 61.0429 150.074 211 737765 1 1 1 0 0 0 0 0 0 136.252 17874.9 0 0 0 -0.981026 -0.034572 149.95 1.34686 12.7785 
-6.22191 14.9996 18000 0.87461 -1.99421 66.9911 138.614 211 737977 1 1 1 0 0 0 0 0 0 123.499 17780.3 0 0 0 13.2317 0.294954 149.95 1.61235 15.26 
8.06739 -4.68219 18000 2.06382 -2.52865 64.7579 142.345 211 738655 1 1 1 0 0 0 0 0 0 127.683 17783.1 0 0 0 11.4441 -0.393001 149.95 1.55515 14.3261 
21.5585 19.3525 18000 -1.04168 -1.22684 68.3387 136.941 211 742157 1 1 1 0 0 0 0 0 0 121.412 17826.9 0 0 0 3.43465 6.55213 149.95 1.74906 15.8409 
-22.5472 11.1745 18000 1.76279 0.793215 67.6624 137.588 211 742554 1 1 1 0 0 0 0 0 0 122.362 17791 0 0 0 17.9813 10.0786 149.95 1.59438 15.5484 
9.2561 -12.2256 18000 0.0304072 -3.14421 61.5208 149.055 211 747527 1 1 1 0 0 0 0 0 0 134.934 17854.1 0 0 0 10.2887 1.41239 149.95 1.56312 12.9898 
12.2893 -0.383046 18000 -2.31179 0.00232707 66.7592 139.101 211 749018 1 1 1 0 0 0 0 0 0 124.111 17807.8 0 0 0 -6.65752 -0.133106 149.95 1.50711 15.1618 
42.1412 0.526298 18000 -0.593058 -0.0314582 65.3888 141.753 211 750167 1 1 1 0 0 0 0 0 0 126.74 17801.8 0 0 0 49.912 0.0512594 149.95 1.79262 14.5593 
14.0014 25.9995 18000 0.0522992 -0.443692 69.3592 135.02 211 753325 1 1 1 0 0 0 0 0 0 119.725 17837.2 0 0 0 -6.70746 3.11817 149.95 1.32497 16.2847 
-32.2769 6.4962 18000 -2.62754 -3.37765 66.7975 138.867 211 753403 1 1 1 0 0 0 0 0 0 123.891 17812.2 0 0 0 -6.4368 3.95268 149.95 1.46622 15.2202 
-14.5714 10.405 18000 0.0646082 -4.77914 65.931 140.142 211 755414 1 1 1 0 0 0 0 0 0 125.39 17804 0 0 0 -8.89183 3.75717 149.95 1.39892 14.8629 
-5.77438 -1.59628 18000 -1.80285 0.465285 64.2652 143.491 211 757571 1 1 1 0 0 0 0 0 0 128.752 17780.3 0 0 0 4.87065 -3.20828 149.95 1.73605 14.0961 
-14.2766 24.9157 18000 1.13818 -1.59093 68.3164 136.677 211 758458 1 1 1 0 0 0 0 0 0 121.304 17807.6 0 0 0 5.39504 10.3126 149.95 1.6103 15.8351 
30.8392 4.9876 18000 1.05784 -0.925187 65.9166 140.799 211 759281 1 1 1 0 0 0 0 0 0 125.905 17830.5 0 0 0 42.0487 6.33616 149.95 1.55288 14.7892 
16.5765 6.35806 18000 2.59566 1.43973 64.3548 143.199 211 760323 1 1 1 0 0 0 0 0 0 128.625 17799 0 0 0 26.2303 1.1432 149.95 1.53352 14.151 
-15.6266 -11.6218 18000 1.97571 2.8938 70.3295 133.694 211 761468 1 1 1 0 0 0 0 0 0 118.045 17854.7 0 0 0 3.71801 -8.46863 149.95 1.47591 16.7575 
-24.8617 7.77419 18000 -1.28905 0.124864 61.9857 148.279 211 762660 1 1 1 0 0 0 0 0 0 133.851 17825.3 0 0 0 -10.0841 -2.47403 149.95 1.81643 13.1509 
48.6209 -7.34433 18000 4.14963 -1.86 64.9124 142.418 211 766279 1 1 1 0 0 0 0 0 0 127.86 17871.2 0 0 0 32.0677 4.627 149.95 1.34391 14.4238 
-11.9326 -0.07092 18000 -1.43771 -3.04006 65.3463 141.524 211 766543 1 1 1 0 0 0 0 0 0 126.523 17782.6 0 0 0 16.3168 -5.89246 149.95 1.78646 14.5768 
7.65014 -0.457747 18000 -1.04501 0.567336 66.5838 139.447 211 767187 1 1 1 0 0 0 0 0 0 124.346 17786.8 0 0 0 1.81214 4.61644 149.95 1.67127 15.0735 
17.5057 1.89314 18000 -1.23885 -0.0962053 66.999 138.8 211 767993 1 1 1 0 0 0 0 0 0 123.654 17798.3 0 0 0 0.593256 1.67582 149.95 1.63286 15.2531 
-2.80133 -8.7202 18000 -0.809932 1.67947 65.3239 141.555 211 771596 1 1 1 0 0 0 0 0 0 126.64 17776.6 0 0 0 8.7771 1.70744 149.95 1.72032 14.5419 
-21.5091 0.17802 18000 0.0276574 0.491685 66.9256 138.774 211 775157 1 1 1 0 0 0 0 0 0 123.682 17780.3 0 0 0 1.33173 7.15091 149.95 1.60653 15.2172 
-10.27 18.1198 18000 0.928983 -2.63037 68.3633 136.204 211 775761 1 1 1 0 0 0 0 0 0 121.053 17790.4 0 0 0 1.00345 -0.800044 149.95 1.38855 15.8684 
30.1619 -24.7957 18000 -0.744893 1.07954 68.9416 136.019 211 776059 1 1 1 0 0 0 0 0 0 120.459 17841.3 0 0 0 3.16511 -5.95046 149.95 1.66146 16.1042 
24.3745 12.9691 18000 2.53622 -2.62583 67.4132 138.145 211 782075 1 1 1 0 0 0 0 0 0 122.916 17824.6 0 0 0 30.8741 12.6723 149.95 1.60371 15.4708 
36.1409 2.82839 18000 1.84597 4.13712 64.9468 142.185 211 784796 1 1 1 0 0 0 0 0 0 127.592 17842.8 0 0 0 25.6916 -6.32753 149.95 1.39427 14.4378 
-24.1988 9.96805 18000 -0.934747 -3.57492 64.9286 142.066 211 788893 1 1 1 0 0 0 0 0 0 127.379 17793.6 0 0 0 -3.72852 4.75122 149.95 1.53754 14.4078 
13.4729 6.17131 18000 -1.51747 0.665005 61.4363 149.38 211 789739 1 1 1 0 0 0 0 0 0 135.374 17870.9 0 0 0 17.2915 -0.989261 149.95 1.46284 12.9323 
10.5077 -5.79274 18000 -0.517021 -1.91004 61.5889 148.938 211 793428 1 1 1 0 0 0 0 0 0 134.827 17845.5 0 0 0 13.8004 0.815636 149.95 1.55563 12.9976 
23.108 8.04478 18000 -1.36661 1.95399 65.1158 142.163 211 800025 1 1 1 0 0 0 0 0 0 127.365 17826 0 0 0 36.572 -8.5744 149.95 1.60199 14.4609 
7.33767 -17.584 18000 0.508706 1.67346 68.6266 136.055 211 802731 1 1 1 0 0 0 0 0 0 120.764 17807.4 0 0 0 20.3818 -12.0891 149.95 1.47307 15.9692 
-36.2943 5.36426 18000 -1.13201 -1.0074 62.012 148.226 211 805361 1 1 1 0 0 0 0 0 0 133.911 17842.3 0 0 0 -20.7812 -2.34045 149.95 1.68504 13.1637 
-18.5988 -5.37206 18000 1.44462 1.09714 68.0067 136.944 211 806762 1 1 1 0 0 0 0 0 0 121.734 17788.8 0 0 0 9.84606 0.578087 149.95 1.51786 15.6975 
23.2345 0.811511 18000 2.00673 -3.99892 65.903 140.274 211 806844 1 1 1 0 0 0 0 0 0 125.357 17786 0 0 0 16.8549 -2.26645 149.95 1.58729 14.8418 
30.6459 -11.8909 18000 2.52386 -4.38304 65.4433 140.934 211 809206 1 1 1 0 0 0 0 0 0 126.187 17791.1 0 0 0 5.07869 -0.503879 149.95 1.48872 14.6642 
26.0512 1.14557 18000 0.878536 0.785153 62.1622 147.729 211 812251 1 1 1 0 0 0 0 0 0 133.687 17853.5 0 0 0 17.1518 -1.4627 149.95 1.37704 13.2217 
10.6564 24.8177 18000 0.564833 -3.04975 67.8325 137.302 211 813758 1 1 1 0 0 0 0 0 0 122.122 17812 0 0 0 21.943 12.5534 149.95 1.49405 15.6416 
18.8969 -2.03272 18000 3.10304 -1.52053 65.3019 141.636 211 815525 1 1 1 0 0 0 0 0 0 126.886 17822.7 0 0 0 25.968 8.46261 149.95 1.51382 14.56 
-6.75493 -3.03289 18000 0.0367225 2.12812 66.4273 139.623 211 815532 1 1 1 0 0 0 0 0 0 124.412 17760.8 0 0 0 24.3086 3.05778 149.95 1.82514 15.0162 
10.3126 -1.2396 18000 1.2686 -0.412914 62.4269 147.061 211 817601 1 1 1 0 0 0 0 0 0 132.881 17822.2 0 0 0 13.7408 0.12513 149.95 1.48887 13.3309 
-39.3698 -0.415498 18000 -1.61911 -4.85569 64.7644 142.297 211 822569 1 1 1 0 0 0 0 0 0 127.597 17805.6 0 0 0 -6.42568 4.04911 149.95 1.55415 14.3794 
19.6837 -0.487515 18000 2.86161 0.540721 63.5571 144.886 211 822735 1 1 1 0 0 0 0 0 0 130.49 17833 0 0 0 18.1523 -6.14712 149.95 1.47778 13.8177 
9.12896 -45.9358 18000 0.412533 1.37257 69.7675 134.419 211 826048 1 1 1 0 0 0 0 0 0 119.002 17837.3 0 0 0 0.26608 -1.14645 149.95 1.3714 16.4728 
-0.811021 1.89185 18000 -2.34412 0.152379 61.0403 150.201 211 828490 1 1 1 0 0 0 0 0 0 136.22 17873.4 0 0 0 15.7562 -0.121724 149.95 1.50626 12.7823 
-1.88825 -2.59777 18000 -2.80445 -0.132344 65.0352 142.251 211 830772 1 1 1 0 0 0 0 0 0 127.234 17790.3 0 0 0 7.31201 -3.31408 149.95 1.85869 14.434 
-24.9695 33.3475 18000 0.410714 0.916983 68.6129 135.732 211 831402 1 1 1 0 0 0 0 0 0 120.29 17730 0 0 0 42.4866 4.7039 149.95 1.69023 15.9566 
0.953713 -5.28348 18000 1.88925 -1.97595 64.0308 143.664 211 832654 1 1 1 0 0 0 0 0 0 129.214 17787.8 0 0 0 6.0482 1.83967 149.95 1.47829 14.0113 
22.1992 1.95943 18000 2.21806 1.3362 62.8981 146.148 211 833971 1 1 1 0 0 0 0 0 0 131.903 17835.6 0 0 0 16.0083 -3.80159 149.95 1.44933 13.54 
18.8836 -17.9528 18000 1.6153 -0.77232 60.2075 152.359 211 836872 1 1 1 0 0 0 0 0 0 138.367 17902.1 0 0 0 -0.985458 2.39578 149.95 1.65574 12.4429 
12.0318 17.7249 18000 -0.230261 1.81464 60.6028 151.349 211 839667 1 1 1 0 0 0 0 0 0 137.331 17884.9 0 0 0 5.1803 -2.04836 149.95 1.6202 12.6004 
1.90194 25.5906 18000 0.692059 -0.807733 69.8888 134.598 211 840796 1 1 1 0 0 0 0 0 0 118.837 17841.8 0 0 0 11.6759 9.96547 149.95 1.69115 16.5241 
10.9108 -1.77438 18000 -2.50094 -1.06696 67.2151 138.28 211 841795 1 1 1 0 0 0 0 0 0 123.329 17820.3 0 0 0 -11.0285 1.89298 149.95 1.37363 15.3656 
12.832 -25.4582 18000 -2.18564 -1.82065 65.7791 140.728 211 844206 1 1 1 0 0 0 0 0 0 125.638 17768.2 0 0 0 39.3576 -3.77734 149.95 1.8122 14.7503 
10.1689 -2.36871 18000 2.30562 -0.141448 62.6785 146.465 211 844823 1 1 1 0 0 0 0 0 0 132.275 17820.5 0 0 0 8.22626 -0.401971 149.95 1.4474 13.4454 
-22.3018 2.73563 18000 -0.114929 -1.31057 63.2583 145.253 211 848093 1 1 1 0 0 0 0 0 0 130.937 17795.2 0 0 0 -6.72911 0.888313 149.95 1.48912 13.6721 
2.03389 40.5262 18000 -1.73931 -2.03073 69.7572 134.206 211 848492 1 1 1 0 0 0 0 0 0 118.63 17788.2 0 0 0 25.1469 10.079 149.95 1.56403 16.4845 
-9.55859 -7.02966 18000 0.795491 -3.33255 63.7706 144.249 211 849703 1 1 1 0 0 0 0 0 0 129.826 17808.8 0 0 0 -8.10771 3.78664 149.95 1.4781 13.9168 
12.2708 0.338086 18000 -2.57836 0.559423 66.9337 138.814 211 850897 1 1 1 0 0 0 0 0 0 123.822 17815.9 0 0 0 -8.2163 -0.829381 149.95 1.46961 15.2423 
-31.3519 -15.2862 18000 -2.94655 0.249647 64.6756 142.723 211 852098 1 1 1 0 0 0 0 0 0 128.232 17832.8 0 0 0 -24.3905 2.7273 149.95 1.36548 14.2853 
13.0925 -5.65471 18000 0.207145 -0.945923 60.5426 151.338 211 853608 1 1 1 0 0 0 0 0 0 137.473 17879.8 0 0 0 1.61865 1.26158 149.95 1.48511 12.5685 
18.6987 -3.19759 18000 -0.708825 0.618547 66.1315 140.307 211 855367 1 1 1 0 0 0 0 0 0 125.159 17780.5 0 0 0 19.9459 -0.8161 149.95 1.80616 14.8775 
18.5249 -1.84578 18000 -0.74191 -0.230805 62.2244 147.644 211 855953 1 1 1 0 0 0 0 0 0 133.362 17826.1 0 0 0 21.9325 -1.0247 149.95 1.62652 13.2445 
-29.0303 -7.46532 18000 0.858392 -0.212251 67.469 137.882 211 856346 1 1 1 0 0 0 0 0 0 122.725 17787 0 0 0 5.50214 -8.75245 149.95 1.5677 15.4546 
-15.1961 20.2499 18000 1.67525 -0.858206 68.1351 137.038 211 861542 1 1 1 0 0 0 0 0 0 121.599 17803.1 0 0 0 17.7516 11.7402 149.95 1.71265 15.7546 
16.4782 0.0251016 18000 -1.52178 -0.153406 66.82 139.064 211 862900 1 1 1 0 0 0 0 0 0 123.975 17798.5 0 0 0 0.378256 -0.185194 149.95 1.60618 15.1783 
33.1746 35.0005 18000 -0.33278 0.302892 68.4054 136.264 211 865147 1 1 1 0 0 0 0 0 0 120.845 17756.5 0 0 0 45.8684 2.00616 149.95 1.6843 15.8626 
44.92 9.96815 18000 0.192205 -0.186084 70.1348 134.217 211 870247 1 1 1 0 0 0 0 0 0 118.664 17876.6 0 0 0 -3.18343 2.71873 149.95 1.41275 16.631 
-23.8205 2.12769 18000 0.117085 -0.154315 65.075 141.673 211 877305 1 1 1 0 0 0 0 0 0 127.134 17770.8 0 0 0 -1.8077 2.11071 149.95 1.39925 14.4254 
19.7476 1.83417 18000 0.80566 1.45839 62.925 146.113 211 878669 1 1 1 0 0 0 0 0 0 131.818 17823 0 0 0 22.6715 0.586879 149.95 1.50877 13.5382 
17.9797 -10.0511 18000 -2.22874 -1.64599 63.3397 145.587 211 881892 1 1 1 0 0 0 0 0 0 131.226 17870.7 0 0 0 36.5199 2.10311 149.95 1.45572 13.7251 
-13.8628 -2.60157 18000 -0.366126 0.778809 63.9124 144.031 211 885044 1 1 1 0 0 0 0 0 0 129.493 17778.7 0 0 0 2.03712 -0.0268577 149.95 1.6047 13.94 
-7.81851 5.70204 18000 0.935474 -1.60283 68.0311 136.901 211 886781 1 1 1 0 0 0 0 0 0 121.571 17771.6 0 0 0 24.4569 0.856014 149.95 1.648 15.7086 
15.889 -5.52645 18000 -1.99361 -2.22468 64.3668 143.528 211 894357 1 1 1 0 0 0 0 0 0 128.894 17839.8 0 0 0 46.0073 -1.85699 149.95 1.56039 14.1564 
13.3903 5.69647 18000 0.502884 -1.15998 68.3687 136.498 211 895382 1 1 1 0 0 0 0 0 0 121.242 17808 0 0 0 24.646 12.1116 149.95 1.48657 15.8509 
-8.37946 2.7115 18000 -1.70429 1.0783 63.0606 145.819 211 895526 1 1 1 0 0 0 0 0 0 131.258 17788.2 0 0 0 9.92045 -1.33376 149.95 1.77303 13.5982 
-18.9039 -12.8567 18000 0.217173 1.03437 67.9975 136.818 211 897396 1 1 1 0 0 0 0 0 0 121.803 17792.2 0 0 0 -5.69425 3.21157 149.95 1.32588 15.6864 
3.74847 -2.08045 18000 1.72964 3.53702 66.7588 138.772 211 898550 1 1 1 0 0 0 0 0 0 123.845 17789.7 0 0 0 1.07984 6.07773 149.95 1.44499 15.1944 
-12.209 -9.16984 18000 0.196657 3.68334 64.932 142.14 211 899297 1 1 1 0 0 0 0 0 0 127.375 17793.8 0 0 0 -0.499694 -6.15942 149.95 1.61516 14.4091 
-34.4416 31.9833 18000 -1.99415 4.94923 61.815 148.424 211 900276 1 1 1 0 0 0 0 0 0 133.974 17854.8 0 0 0 16.2484 -4.97951 149.95 1.80888 13.1695 
45.1126 8.67282 18000 -0.708368 -0.176935 69.0165 135.832 211 901904 1 1 1 0 0 0 0 0 0 120.38 17846.8 0 0 0 2.13141 -2.22747 149.95 1.53708 16.1336 
26.761 5.9345 18000 3.73808 -1.07934 66.6293 139.53 211 902409 1 1 1 0 0 0 0 0 0 124.516 17850.9 0 0 0 47.7685 -6.58901 149.95 1.50949 15.1374 
7.06017 -14.767 18000 -0.248088 -2.68706 61.1448 149.909 211 902866 1 1 1 0 0 0 0 0 0 135.865 17861.5 0 0 0 8.12089 1.81345 149.95 1.55517 12.83 
24.1403 -11.0591 18000 -0.455402 1.23602 69.4012 135.144 211 906775 1 1 1 0 0 0 0 0 0 119.517 17819.7 0 0 0 9.4406 -8.46689 149.95 1.66276 16.3083 
11.9647 -0.017532 18000 -0.527147 0.437397 67.6595 137.597 211 907473 1 1 1 0 0 0 0 0 0 122.461 17798.2 0 0 0 -0.78516 3.1048 149.95 1.50461 15.5366 
23.2053 -21.9837 18000 -1.47862 1.8299 68.9723 135.896 211 908464 1 1 1 0 0 0 0 0 0 120.412 17849.4 0 0 0 1.78924 -2.38398 149.95 1.56886 16.13 
31.3777 9.08822 18000 2.3427 4.3102 64.904 142.022 211 909126 1 1 1 0 0 0 0 0 0 127.255 17791.4 0 0 0 10.9655 -2.29268 149.95 1.60922 14.4312 
23.2163 8.46911 18000 1.76482 -1.67098 64.4821 143.254 211 909292 1 1 1 0 0 0 0 0 0 128.661 17833 0 0 0 28.0633 6.44241 149.95 1.50665 14.1948 
-0.355691 6.05575 18000 -0.935553 -0.616142 66.0551 140.214 211 909320 1 1 1 0 0 0 0 0 0 125.291 17779.4 0 0 0 -1.57008 1.28306 149.95 1.59634 14.846 
-13.5254 2.02679 18000 -0.84002 -0.530017 63.0773 145.682 211 912535 1 1 1 0 0 0 0 0 0 131.288 17790.2 0 0 0 -0.442286 0.261258 149.95 1.60625 13.595 
-10.9495 -5.66115 18000 -1.65225 -2.46558 63.8721 144.304 211 914858 1 1 1 0 0 0 0 0 0 129.502 17786.2 0 0 0 16.6704 -3.40404 149.95 1.85897 13.9495 
-12.2047 4.28964 18000 0.00440986 1.44274 61.8439 148.375 211 917350 1 1 1 0 0 0 0 0 0 134.129 17822.5 0 0 0 -2.49744 -1.42257 149.95 1.66099 13.0948 
